.VERSION 1.0
.COMMENT File s031n16

.COMMENT See "A Comparison of Approaches to On-line
              Handwritten Character Recognition"
             (Rob Kassel, MIT PhD Thesis, 1995)
             for complete specifications and
             benchmarks on this data.

.DATA_SOURCE MIT_LCS_SLS
.DATA_ID MIT_Natural_Handprint_95

.DATA_CONTACT
 Name: Rob Kassel
 Email: rob@goldilocks.lcs.mit.edu
 Phone: 1-617-253-3049
 Fax: 1-617-258-8642
 Address: Spoken Language Systems Group
          Laboratory for Computer Science
          Massachusetts Institute of Technology
          Room NE43-601
          Cambridge, MA  02139, USA

.SETUP
 Site: MIT
 Writer motivation: Paid
 Writer physical position: Seated at desk
 Instructions given to the writer: Minimal; printing required;
  capitalize initial letter; no correcting; writing to be
  examined later.
 Prompting: Aural prompts, both string and spelled
 Recognizer feedback: no
 Form layout: large writing area, no guides, minimal left/right bias

.DATA_INFO
 Alphabet: English alphanumerics plus symbols to indicate
           connections, ligatures, embellishments, and pen skips
.PAD
 Machine name: Wacom 648A
 Brand: Wacom
 Type: 648A
 Serial Nr.: 160039
 Sensor: Electromagnetic, wireless pen
 Pen: Untethered, tip switch only
 Driver: Mircosoft Windows for Pen Computing V1.0
 Sampling mode: Using Microsoft Visual Basic 2.0 controls
 Sampling rate: 193 Hz
 Resolution: 0.001 inches/unit
 Accuracy: 0.01 inches
 Display: Backlit LCD screen, 640x480
 Inking: 1 pixel wide black on white
.X_DIM 4975
.Y_DIM 3058
.X_POINTS_PER_INCH 100
.Y_POINTS_PER_INCH 100

.ALPHABET "A" "B" "C" "D" "E" "F" "G"
          "H" "I" "J" "K" "L" "M" "N"
          "O" "P" "Q" "R" "S" "T" "U"
          "V" "W" "X" "Y" "Z"
          "a" "b" "c" "d" "e" "f" "g"
          "h" "i" "j" "k" "l" "m" "n"
          "o" "p" "q" "r" "s" "t" "u"
          "v" "w" "x" "y" "z"
          "0" "1" "2" "3" "4"
          "5" "6" "7" "8" "9"
          "!" "&" "*" "+" 

.WRITER_ID 31
.STYLE PRINTED
.HAND R
.AGE 19
.SEX F
.WRITER_INFO
 Group: Training
 Weight: 110
 Student: Yes
 Where educated: MA
 Home language: English
 Name: Elizabeth

.COORD X Y T
.HIERARCHY WORD LETTER
.SEGMENT WORD 0-6 ? "94095"
.SEGMENT LETTER 0 ? "9"
.SEGMENT LETTER 1-2 ? "4"
.SEGMENT LETTER 3 ? "0"
.SEGMENT LETTER 4 ? "9"
.SEGMENT LETTER 5-6 ? "5"

.COMMENT Prompt string: "94095"
.COMMENT Recognizer string: "qcl095"
.COMMENT Transcriber Comment: ""

.PEN_DOWN
1506 635 0
1506 635 5
1506 635 10
1506 635 16
1506 635 21
1517 635 26
1517 645 31
1506 656 36
1496 656 42
1496 656 47
1475 656 52
1465 656 57
1454 656 62
1454 645 68
1444 635 73
1423 635 78
1402 614 83
1402 614 89
1402 604 94
1402 583 99
1402 583 104
1402 583 109
1413 573 115
1454 573 120
1454 573 125
1475 583 130
1485 593 135
1496 593 141
1506 604 146
1517 614 151
1517 625 156
1517 625 161
1517 645 167
1517 645 172
1517 645 177
1517 635 182
1506 625 188
1506 604 193
1506 593 198
1506 458 203
1506 458 208
1506 468 214
1506 479 219
1506 479 224
1506 489 229
.PEN_UP

.PEN_DOWN
1590 645 604
1590 656 609
1590 656 614
1590 656 620
1590 645 625
1590 635 630
1590 625 635
1579 614 640
1579 604 646
1579 604 651
1569 593 656
1569 593 661
1569 583 666
1569 583 672
1569 573 677
1569 573 682
1569 562 687
1569 562 693
1569 552 698
1610 552 703
1610 552 708
1621 552 713
1642 552 719
1642 552 724
1642 552 729
1652 562 734
1652 562 739
1663 562 745
1663 562 750
1673 562 755
1673 562 760
.PEN_UP

.PEN_DOWN
1652 656 989
1652 656 994
1652 656 999
1642 645 1005
1642 635 1010
1642 635 1015
1642 573 1020
1642 562 1025
1642 552 1031
1652 541 1036
1652 531 1041
1652 520 1046
1652 510 1052
1652 500 1057
1652 489 1062
1663 489 1067
1663 479 1072
1663 479 1078
1663 489 1083
1663 489 1088
1663 489 1093
1673 500 1098
1673 500 1104
.PEN_UP

.PEN_DOWN
1756 614 1264
1756 625 1269
1756 625 1274
1756 635 1280
1746 635 1285
1735 625 1290
1735 614 1295
1735 614 1300
1725 593 1306
1725 593 1311
1715 583 1316
1715 573 1321
1715 541 1326
1725 531 1332
1725 520 1337
1725 520 1342
1735 510 1347
1746 500 1353
1767 500 1358
1777 510 1363
1788 510 1368
1798 510 1373
1798 520 1379
1808 520 1384
1808 531 1389
1819 541 1394
1819 552 1399
1819 583 1405
1808 593 1410
1808 604 1415
1798 604 1420
1788 614 1425
1777 625 1431
1756 625 1436
1746 625 1441
1746 635 1446
1725 635 1452
1725 625 1457
1725 625 1462
1725 625 1467
1735 625 1472
1735 625 1478
1746 614 1483
.PEN_UP

.PEN_DOWN
1923 635 1703
1923 635 1708
1923 635 1713
1923 645 1719
1923 645 1724
1923 656 1729
1923 656 1734
1913 656 1739
1902 656 1745
1892 656 1750
1892 656 1755
1871 656 1760
1871 645 1766
1860 645 1771
1850 635 1776
1850 635 1781
1840 625 1786
1840 614 1792
1840 604 1797
1840 593 1802
1840 593 1807
1850 583 1812
1850 583 1818
1860 583 1823
1871 583 1828
1892 583 1833
1902 593 1838
1913 593 1844
1913 593 1849
1923 604 1854
1923 614 1859
1923 614 1864
1933 625 1870
1933 625 1875
1933 645 1880
1933 645 1885
1933 645 1890
1923 635 1896
1923 635 1901
1923 625 1906
1923 552 1911
1923 541 1917
1923 520 1922
1923 510 1927
1923 500 1932
1933 500 1937
1933 479 1943
1933 479 1948
1933 479 1953
1933 479 1958
1933 479 1963
1933 489 1969
.PEN_UP

.PEN_DOWN
2048 645 2252
2048 645 2257
2038 645 2262
2038 645 2268
2027 635 2273
2027 635 2278
2017 625 2283
2006 614 2288
2006 614 2294
2006 604 2299
2006 604 2304
2017 593 2309
2027 593 2314
2038 593 2320
2058 593 2325
2079 593 2330
2079 583 2335
2090 583 2341
2100 573 2346
2100 573 2351
2110 573 2356
2110 562 2361
2121 562 2367
2121 552 2372
2121 552 2377
2121 552 2382
2121 541 2387
2121 541 2393
2121 541 2398
2121 541 2403
2110 531 2408
2100 531 2413
2090 520 2419
2079 520 2424
2058 520 2429
2048 520 2434
2017 520 2440
1975 520 2445
1975 520 2450
1965 520 2455
1965 520 2460
1965 531 2466
1965 541 2471
.PEN_UP

.PEN_DOWN
2017 645 2692
2017 656 2697
2017 656 2702
2017 656 2708
2017 656 2713
2027 656 2718
2038 656 2723
2048 656 2728
2058 666 2734
2079 666 2739
2090 666 2744
2100 666 2749
2110 677 2754
2121 677 2760
2131 677 2765
2142 677 2770
2163 687 2775
2163 687 2781
2173 687 2786
2173 698 2791
.PEN_UP

.COMMENT End of File
