.VERSION 1.0
.COMMENT File s031i02

.COMMENT See "A Comparison of Approaches to On-line
              Handwritten Character Recognition"
             (Rob Kassel, MIT PhD Thesis, 1995)
             for complete specifications and
             benchmarks on this data.

.DATA_SOURCE MIT_LCS_SLS
.DATA_ID MIT_Natural_Handprint_95

.DATA_CONTACT
 Name: Rob Kassel
 Email: rob@goldilocks.lcs.mit.edu
 Phone: 1-617-253-3049
 Fax: 1-617-258-8642
 Address: Spoken Language Systems Group
          Laboratory for Computer Science
          Massachusetts Institute of Technology
          Room NE43-601
          Cambridge, MA  02139, USA

.SETUP
 Site: MIT
 Writer motivation: Paid
 Writer physical position: Seated at desk
 Instructions given to the writer: Minimal; printing required;
  capitalize initial letter; no correcting; writing to be
  examined later.
 Prompting: Aural prompts, both string and spelled
 Recognizer feedback: no
 Form layout: large writing area, no guides, minimal left/right bias

.DATA_INFO
 Alphabet: English alphanumerics plus symbols to indicate
           connections, ligatures, embellishments, and pen skips
.PAD
 Machine name: Wacom 648A
 Brand: Wacom
 Type: 648A
 Serial Nr.: 160039
 Sensor: Electromagnetic, wireless pen
 Pen: Untethered, tip switch only
 Driver: Mircosoft Windows for Pen Computing V1.0
 Sampling mode: Using Microsoft Visual Basic 2.0 controls
 Sampling rate: 193 Hz
 Resolution: 0.001 inches/unit
 Accuracy: 0.01 inches
 Display: Backlit LCD screen, 640x480
 Inking: 1 pixel wide black on white
.X_DIM 4975
.Y_DIM 3058
.X_POINTS_PER_INCH 100
.Y_POINTS_PER_INCH 100

.ALPHABET "A" "B" "C" "D" "E" "F" "G"
          "H" "I" "J" "K" "L" "M" "N"
          "O" "P" "Q" "R" "S" "T" "U"
          "V" "W" "X" "Y" "Z"
          "a" "b" "c" "d" "e" "f" "g"
          "h" "i" "j" "k" "l" "m" "n"
          "o" "p" "q" "r" "s" "t" "u"
          "v" "w" "x" "y" "z"
          "0" "1" "2" "3" "4"
          "5" "6" "7" "8" "9"
          "!" "&" "*" "+" 

.WRITER_ID 31
.STYLE PRINTED
.HAND R
.AGE 19
.SEX F
.WRITER_INFO
 Group: Training
 Weight: 110
 Student: Yes
 Where educated: MA
 Home language: English
 Name: Elizabeth

.COORD X Y T
.HIERARCHY WORD
.SEGMENT WORD 0-16 ? "UNTRANSCRIBED!!!"

.COMMENT Prompt string: ""
.COMMENT Recognizer string: "Burlingl?n, M A"
.COMMENT Transcriber Comment: "Unchecked and unaligned transcription."

.PEN_DOWN
460 2733 0
460 2723 5
471 2723 10
471 2712 16
471 2691 21
471 2691 26
471 2670 31
471 2660 36
481 2650 42
481 2650 47
492 2639 52
492 2618 57
492 2608 62
492 2598 68
492 2598 73
492 2577 78
502 2577 83
502 2566 89
502 2587 94
.PEN_UP

.PEN_DOWN
450 2733 385
450 2733 390
440 2733 395
440 2733 401
440 2733 406
440 2743 411
440 2743 416
450 2743 421
481 2743 427
481 2743 432
492 2743 437
502 2743 442
502 2733 448
513 2733 453
513 2723 458
523 2712 463
523 2702 468
523 2691 474
523 2670 479
523 2670 484
523 2660 489
523 2660 494
523 2650 500
513 2650 505
513 2650 510
513 2650 515
513 2650 520
513 2650 526
513 2650 531
523 2650 536
533 2660 541
554 2660 546
575 2650 552
585 2650 557
585 2639 562
596 2639 567
596 2629 572
596 2629 578
596 2608 583
596 2608 588
585 2598 593
585 2587 599
565 2587 604
565 2577 609
533 2577 614
523 2566 619
513 2566 625
513 2566 630
471 2566 635
471 2566 640
.PEN_UP

.PEN_DOWN
627 2618 934
627 2608 939
638 2587 944
638 2587 950
648 2587 955
658 2577 960
658 2577 965
679 2577 970
679 2577 976
690 2587 981
690 2587 986
700 2598 991
700 2598 996
700 2608 1002
700 2629 1007
700 2629 1012
700 2639 1017
700 2629 1023
.PEN_UP

.PEN_DOWN
752 2629 1318
742 2629 1323
742 2629 1328
752 2618 1334
752 2608 1339
752 2608 1344
752 2598 1349
763 2598 1354
763 2587 1360
763 2618 1365
763 2629 1370
763 2629 1375
773 2639 1380
773 2639 1386
783 2650 1391
783 2650 1396
794 2650 1401
794 2650 1407
804 2660 1412
815 2660 1417
.PEN_UP

.PEN_DOWN
835 2723 1648
835 2702 1653
846 2702 1658
846 2691 1664
846 2681 1669
846 2670 1674
846 2660 1679
846 2650 1684
846 2639 1690
856 2629 1695
856 2618 1700
856 2618 1705
856 2608 1710
856 2608 1716
856 2598 1721
867 2587 1726
867 2587 1731
867 2587 1737
.PEN_UP

.PEN_DOWN
908 2639 1868
908 2650 1873
908 2639 1878
908 2639 1884
908 2629 1889
908 2629 1894
908 2618 1899
919 2608 1904
919 2608 1910
919 2608 1915
919 2598 1920
919 2598 1925
919 2587 1930
919 2587 1936
929 2587 1941
.PEN_UP

.PEN_DOWN
898 2702 2087
898 2712 2092
898 2712 2097
888 2712 2103
888 2702 2108
.PEN_UP

.PEN_DOWN
971 2650 2307
971 2629 2312
971 2629 2317
971 2618 2323
971 2608 2328
971 2608 2333
981 2608 2338
981 2608 2343
981 2618 2349
981 2629 2354
992 2639 2359
992 2650 2364
992 2650 2370
1002 2660 2375
1013 2660 2380
1023 2660 2385
1033 2660 2390
1033 2650 2396
1044 2650 2401
1054 2650 2406
1054 2650 2411
1054 2650 2416
1054 2639 2422
1054 2629 2427
1054 2629 2432
1054 2618 2437
1065 2618 2442
1065 2618 2448
1065 2608 2453
1075 2608 2458
1085 2598 2463
.PEN_UP

.PEN_DOWN
1138 2660 2636
1127 2670 2641
1117 2670 2646
1117 2670 2652
1106 2660 2657
1106 2660 2662
1096 2650 2667
1096 2650 2672
1096 2639 2678
1096 2639 2683
1085 2629 2688
1085 2629 2693
1096 2618 2698
1106 2618 2704
1106 2618 2709
1106 2629 2714
1117 2629 2719
1117 2629 2725
1127 2639 2730
1127 2639 2735
1127 2650 2740
1127 2639 2745
1127 2629 2751
1138 2618 2756
1138 2608 2761
1148 2598 2766
1148 2587 2771
1148 2577 2777
1158 2566 2782
1158 2556 2787
1169 2545 2792
1169 2535 2797
1169 2525 2803
1169 2514 2808
1169 2514 2813
1169 2504 2818
1169 2504 2824
1096 2504 2829
.PEN_UP

.PEN_DOWN
1179 2754 3076
1179 2743 3081
1179 2743 3086
1190 2723 3092
1190 2712 3097
1190 2702 3102
1190 2691 3107
1190 2681 3112
1200 2650 3118
1200 2650 3123
1210 2629 3128
1210 2618 3133
1210 2618 3138
1221 2608 3144
1221 2608 3149
1221 2598 3154
.PEN_UP

.PEN_DOWN
1148 2660 3350
1148 2660 3355
1148 2660 3360
1148 2660 3366
1158 2660 3371
1158 2670 3376
1169 2670 3381
1179 2670 3386
1190 2681 3392
1242 2681 3397
1252 2670 3402
1252 2670 3407
1263 2670 3412
1263 2670 3418
1273 2670 3423
1273 2660 3428
1273 2650 3433
1273 2650 3439
1273 2650 3444
1273 2639 3449
1263 2629 3454
1263 2629 3459
1263 2618 3465
1263 2608 3470
1273 2608 3475
1283 2598 3480
1304 2598 3485
1315 2608 3491
1315 2608 3496
1315 2608 3501
1325 2618 3506
1325 2650 3511
1315 2650 3517
1315 2660 3522
1304 2660 3527
1304 2660 3532
1294 2670 3538
1283 2670 3543
1273 2670 3548
1273 2660 3553
1263 2660 3558
1263 2660 3564
.PEN_UP

.PEN_DOWN
1367 2650 3735
1367 2650 3740
1367 2629 3745
1367 2618 3751
1367 2618 3756
1367 2608 3761
1367 2608 3766
1367 2608 3771
1367 2608 3777
1377 2618 3782
1377 2618 3787
1377 2629 3792
1388 2629 3798
1388 2639 3803
1398 2639 3808
1408 2650 3813
1408 2650 3818
1429 2660 3824
1429 2660 3829
1440 2660 3834
1450 2660 3839
1450 2650 3844
1450 2650 3850
1450 2639 3855
1450 2608 3860
1450 2608 3865
1450 2587 3870
1450 2577 3876
1450 2577 3881
.PEN_UP

.PEN_DOWN
1533 2598 4065
1533 2587 4070
1523 2587 4075
1523 2545 4081
1523 2535 4086
1523 2514 4091
1523 2514 4096
1523 2504 4101
1523 2504 4107
1513 2504 4112
1513 2493 4117
.PEN_UP

.PEN_DOWN
1627 2754 4998
1627 2743 5003
1627 2733 5008
1627 2723 5014
1638 2723 5019
1638 2712 5024
1638 2702 5029
1648 2681 5034
1648 2660 5040
1648 2650 5045
1648 2629 5050
1648 2639 5055
1648 2639 5060
1648 2660 5066
1658 2681 5071
1658 2681 5076
1658 2702 5081
1669 2712 5087
1669 2723 5092
1679 2723 5097
1690 2723 5102
1690 2723 5107
1700 2712 5113
1710 2702 5118
1710 2702 5123
1710 2691 5128
1710 2670 5133
1721 2660 5139
1721 2660 5144
1721 2650 5149
1721 2650 5154
1721 2650 5159
1721 2650 5165
1731 2660 5170
1731 2670 5175
1731 2681 5180
1742 2681 5186
1742 2691 5191
1742 2702 5196
1742 2712 5201
1752 2712 5206
1763 2712 5212
1773 2702 5217
1783 2702 5222
1783 2691 5227
1783 2681 5232
1794 2670 5238
1794 2670 5243
1804 2670 5248
1804 2660 5253
1804 2660 5258
1804 2650 5264
1804 2650 5269
1804 2639 5274
1804 2629 5279
.PEN_UP

.PEN_DOWN
1929 2743 5657
1929 2743 5662
1929 2754 5667
1929 2733 5673
1929 2723 5678
1929 2702 5683
1919 2691 5688
1919 2691 5693
1908 2681 5699
1908 2670 5704
1908 2660 5709
1898 2639 5714
1888 2629 5720
1888 2618 5725
1888 2618 5730
1888 2608 5735
1888 2608 5740
1888 2608 5746
.PEN_UP

.PEN_DOWN
1929 2754 5987
1929 2754 5992
1929 2754 5997
1929 2743 6003
1940 2743 6008
1940 2733 6013
1950 2723 6018
1950 2712 6023
1950 2691 6029
1971 2670 6034
1971 2660 6039
1981 2660 6044
1981 2650 6050
1992 2639 6055
2002 2629 6060
2002 2618 6065
2002 2608 6070
2013 2608 6076
2013 2598 6081
2023 2598 6086
2023 2587 6091
2023 2587 6096
2023 2587 6102
2023 2587 6107
.PEN_UP

.PEN_DOWN
1898 2670 6371
1888 2670 6376
1898 2670 6381
1908 2670 6387
1940 2681 6392
1971 2681 6397
1981 2670 6402
1992 2670 6407
.PEN_UP

.COMMENT End of File
