.VERSION 1.0
.COMMENT File s144i04

.COMMENT See "A Comparison of Approaches to On-line
              Handwritten Character Recognition"
             (Rob Kassel, MIT PhD Thesis, 1995)
             for complete specifications and
             benchmarks on this data.

.DATA_SOURCE MIT_LCS_SLS
.DATA_ID MIT_Natural_Handprint_95

.DATA_CONTACT
 Name: Rob Kassel
 Email: rob@goldilocks.lcs.mit.edu
 Phone: 1-617-253-3049
 Fax: 1-617-258-8642
 Address: Spoken Language Systems Group
          Laboratory for Computer Science
          Massachusetts Institute of Technology
          Room NE43-601
          Cambridge, MA  02139, USA

.SETUP
 Site: MIT
 Writer motivation: Paid
 Writer physical position: Seated at desk
 Instructions given to the writer: Minimal; printing required;
  capitalize initial letter; no correcting; writing to be
  examined later.
 Prompting: Aural prompts, both string and spelled
 Recognizer feedback: no
 Form layout: large writing area, no guides, minimal left/right bias

.DATA_INFO
 Alphabet: English alphanumerics plus symbols to indicate
           connections, ligatures, embellishments, and pen skips
.PAD
 Machine name: Wacom 648A
 Brand: Wacom
 Type: 648A
 Serial Nr.: 160039
 Sensor: Electromagnetic, wireless pen
 Pen: Untethered, tip switch only
 Driver: Mircosoft Windows for Pen Computing V1.0
 Sampling mode: Using Microsoft Visual Basic 2.0 controls
 Sampling rate: 193 Hz
 Resolution: 0.001 inches/unit
 Accuracy: 0.01 inches
 Display: Backlit LCD screen, 640x480
 Inking: 1 pixel wide black on white
.X_DIM 4975
.Y_DIM 3058
.X_POINTS_PER_INCH 100
.Y_POINTS_PER_INCH 100

.ALPHABET "A" "B" "C" "D" "E" "F" "G"
          "H" "I" "J" "K" "L" "M" "N"
          "O" "P" "Q" "R" "S" "T" "U"
          "V" "W" "X" "Y" "Z"
          "a" "b" "c" "d" "e" "f" "g"
          "h" "i" "j" "k" "l" "m" "n"
          "o" "p" "q" "r" "s" "t" "u"
          "v" "w" "x" "y" "z"
          "0" "1" "2" "3" "4"
          "5" "6" "7" "8" "9"
          "!" "&" "*" "+" 

.WRITER_ID 144
.STYLE PRINTED
.HAND R
.AGE 19
.SEX F
.WRITER_INFO
 Group: Development
 Weight: 110
 Student: Yes
 Where educated: NY
 Home language: English & Gujarati
 Name: Nidhi

.COORD X Y T
.HIERARCHY WORD
.SEGMENT WORD 0-22 ? "UNTRANSCRIBED!!!"

.COMMENT Prompt string: ""
.COMMENT Recognizer string: "f-nglish ?d ?viarati"
.COMMENT Transcriber Comment: "Unchecked and unaligned transcription."

.PEN_DOWN
481 2764 0
481 2775 5
481 2775 10
481 2785 16
481 2785 21
481 2785 26
481 2785 31
481 2775 36
481 2691 42
471 2681 47
471 2670 52
471 2660 57
471 2608 62
471 2608 68
471 2629 73
471 2639 78
471 2733 83
471 2754 89
471 2795 94
481 2795 99
481 2795 104
492 2806 109
513 2806 115
513 2806 120
523 2806 125
544 2806 130
544 2816 135
554 2816 141
565 2816 146
585 2816 151
585 2827 156
596 2827 161
617 2827 167
617 2816 172
617 2816 177
617 2816 182
617 2806 188
.PEN_UP

.PEN_DOWN
471 2702 549
471 2702 554
471 2712 559
481 2712 565
481 2723 570
492 2723 575
502 2723 580
502 2723 585
513 2723 591
523 2733 596
533 2733 601
554 2733 606
575 2733 612
575 2733 617
575 2723 622
.PEN_UP

.PEN_DOWN
450 2629 714
450 2629 719
450 2629 724
450 2629 730
513 2629 735
513 2629 740
565 2629 745
575 2629 750
596 2629 756
.PEN_UP

.PEN_DOWN
658 2712 1098
658 2712 1103
658 2723 1108
669 2723 1114
669 2723 1119
669 2712 1124
669 2702 1129
669 2691 1134
679 2681 1140
679 2660 1145
679 2639 1150
679 2618 1155
679 2629 1160
679 2629 1166
690 2639 1171
690 2650 1176
690 2660 1181
690 2670 1187
700 2681 1192
700 2702 1197
710 2712 1202
721 2723 1207
721 2723 1213
731 2723 1218
742 2723 1223
742 2712 1228
752 2702 1233
752 2691 1239
752 2681 1244
752 2670 1249
763 2660 1254
763 2650 1259
763 2650 1265
763 2629 1270
773 2629 1275
773 2618 1280
773 2618 1286
773 2618 1291
783 2608 1296
.PEN_UP

.PEN_DOWN
856 2629 1428
856 2650 1433
856 2650 1438
856 2660 1444
856 2670 1449
856 2681 1454
856 2723 1459
856 2723 1464
856 2733 1470
856 2733 1475
846 2733 1480
825 2733 1485
815 2723 1490
804 2723 1496
794 2702 1501
783 2681 1506
773 2670 1511
773 2639 1517
773 2629 1522
783 2629 1527
783 2618 1532
794 2618 1537
794 2618 1543
794 2618 1548
815 2618 1553
825 2629 1558
835 2629 1563
835 2650 1569
846 2650 1574
846 2660 1579
846 2660 1584
856 2670 1589
856 2670 1595
856 2670 1600
856 2660 1605
856 2660 1610
856 2639 1616
867 2629 1621
867 2618 1626
867 2608 1631
867 2577 1636
867 2566 1642
867 2556 1647
867 2525 1652
856 2514 1657
856 2504 1662
846 2504 1668
835 2493 1673
825 2483 1678
815 2473 1683
783 2473 1688
783 2483 1694
773 2483 1699
763 2493 1704
763 2504 1709
763 2514 1714
.PEN_UP

.PEN_DOWN
888 2743 1922
888 2775 1927
888 2764 1932
888 2764 1938
898 2743 1943
898 2733 1948
898 2639 1953
898 2629 1958
888 2618 1964
888 2608 1969
888 2608 1974
888 2587 1979
898 2587 1984
.PEN_UP

.PEN_DOWN
940 2691 2142
940 2702 2147
940 2702 2152
940 2702 2158
940 2681 2163
950 2670 2168
950 2629 2173
950 2618 2178
940 2618 2184
940 2608 2189
940 2608 2194
929 2598 2199
929 2587 2204
929 2587 2210
.PEN_UP

.PEN_DOWN
981 2743 2361
971 2743 2366
960 2743 2371
960 2743 2377
971 2733 2382
971 2733 2387
.PEN_UP

.PEN_DOWN
1065 2702 2471
1054 2702 2476
1044 2702 2481
1033 2702 2487
1013 2691 2492
1013 2691 2497
992 2681 2502
992 2681 2507
992 2681 2513
1002 2660 2518
1013 2660 2523
1023 2660 2528
1044 2660 2534
1054 2650 2539
1065 2650 2544
1075 2639 2549
1075 2629 2554
1075 2629 2560
1075 2608 2565
1075 2598 2570
1065 2587 2575
1054 2587 2580
1044 2577 2586
1033 2566 2591
1023 2566 2596
1002 2566 2601
992 2566 2606
992 2566 2612
981 2566 2617
981 2566 2622
.PEN_UP

.PEN_DOWN
1127 2764 2801
1127 2764 2806
1127 2775 2811
1117 2775 2817
1117 2764 2822
1127 2764 2827
1127 2712 2832
1127 2702 2837
1127 2681 2843
1127 2670 2848
1127 2650 2853
1127 2629 2858
1127 2608 2864
1127 2587 2869
1138 2587 2874
1138 2566 2879
1138 2566 2884
1138 2566 2890
1138 2556 2895
1138 2556 2900
1138 2556 2905
1138 2577 2910
1138 2587 2916
1138 2598 2921
1148 2598 2926
1158 2608 2931
1158 2629 2936
1169 2639 2942
1179 2650 2947
1190 2660 2952
1200 2670 2957
1210 2670 2962
1221 2670 2968
1221 2670 2973
1231 2670 2978
1231 2670 2983
1231 2608 2988
1231 2587 2994
1231 2566 2999
1221 2566 3004
1221 2566 3009
1221 2566 3015
.PEN_UP

.PEN_DOWN
1638 2618 3570
1638 2629 3575
1627 2639 3580
1627 2691 3586
1627 2702 3591
1617 2712 3596
1617 2723 3601
1617 2723 3606
1606 2723 3612
1606 2723 3617
1596 2723 3622
1575 2723 3627
1575 2723 3632
1575 2712 3638
1565 2702 3643
1554 2702 3648
1544 2681 3653
1544 2670 3659
1533 2660 3664
1523 2650 3669
1523 2639 3674
1523 2629 3679
1523 2598 3685
1523 2598 3690
1523 2598 3695
1523 2587 3700
1533 2587 3705
1575 2587 3711
1575 2587 3716
1585 2598 3721
1606 2598 3726
1606 2608 3731
1606 2618 3737
1617 2618 3742
1617 2629 3747
1617 2639 3752
1617 2650 3758
1627 2670 3763
1627 2691 3768
1627 2681 3773
1627 2681 3778
1627 2639 3784
1638 2629 3789
1638 2618 3794
1638 2608 3799
1638 2608 3804
1648 2598 3810
1648 2598 3815
1648 2598 3820
1669 2598 3825
1679 2598 3830
1690 2598 3836
1690 2608 3841
1690 2639 3846
1690 2639 3851
1690 2670 3856
1690 2681 3862
1690 2681 3867
1690 2681 3872
1690 2681 3877
1690 2681 3882
1690 2670 3888
1700 2670 3893
1700 2660 3898
1700 2639 3903
1710 2629 3909
1710 2618 3914
1710 2598 3919
1710 2598 3924
1710 2598 3929
1710 2598 3935
1710 2608 3940
1710 2629 3945
1721 2639 3950
1721 2650 3955
1731 2670 3961
1742 2681 3966
1742 2691 3971
1773 2691 3976
1773 2681 3981
1773 2681 3987
1783 2670 3992
1783 2670 3997
1783 2660 4002
1783 2639 4008
1783 2608 4013
1783 2608 4018
1783 2598 4023
1794 2598 4028
1794 2587 4034
1804 2587 4039
1804 2587 4044
1804 2577 4049
.PEN_UP

.PEN_DOWN
1888 2608 4394
1888 2618 4399
1888 2629 4404
1888 2670 4410
1888 2681 4415
1888 2681 4420
1888 2691 4425
1867 2691 4430
1856 2691 4436
1856 2691 4441
1846 2691 4446
1835 2681 4451
1825 2670 4456
1825 2670 4462
1815 2660 4467
1804 2650 4472
1804 2639 4477
1804 2618 4483
1804 2598 4488
1804 2598 4493
1815 2587 4498
1815 2587 4503
1825 2587 4509
1825 2587 4514
1835 2587 4519
1846 2587 4524
1856 2598 4529
1856 2598 4535
1867 2608 4540
1877 2618 4545
1877 2629 4550
1877 2639 4555
1888 2650 4561
1888 2670 4566
1888 2691 4571
1888 2775 4576
1888 2775 4582
1888 2691 4587
1877 2681 4592
1877 2670 4597
1877 2650 4602
1877 2598 4608
1877 2587 4613
1888 2577 4618
1888 2577 4623
1888 2566 4628
.PEN_UP

.PEN_DOWN
2315 2723 4998
2315 2723 5003
2315 2733 5008
2325 2733 5014
2335 2743 5019
2346 2754 5024
2346 2785 5029
2346 2795 5034
2346 2795 5040
2335 2795 5045
2335 2795 5050
2315 2795 5055
2283 2795 5060
2273 2795 5066
2263 2775 5071
2252 2764 5076
2242 2743 5081
2231 2733 5087
2210 2702 5092
2210 2681 5097
2200 2670 5102
2200 2629 5107
2200 2618 5113
2210 2608 5118
2210 2598 5123
2221 2598 5128
2242 2587 5133
2242 2587 5139
2315 2587 5144
2325 2587 5149
2346 2598 5154
2356 2608 5159
2356 2608 5165
2367 2608 5170
2367 2629 5175
2346 2639 5180
2346 2650 5186
2335 2650 5191
2325 2650 5196
2315 2650 5201
2304 2660 5206
2273 2660 5212
2263 2650 5217
2221 2639 5222
2190 2639 5227
2190 2629 5232
2179 2629 5238
2179 2629 5243
2190 2629 5248
2231 2629 5253
.PEN_UP

.PEN_DOWN
2388 2702 5657
2388 2712 5662
2388 2712 5667
2388 2702 5673
2388 2691 5678
2398 2681 5683
2398 2670 5688
2398 2660 5693
2398 2650 5699
2398 2639 5704
2408 2618 5709
2408 2618 5714
2408 2618 5720
2408 2608 5725
2408 2608 5730
2419 2608 5735
2419 2608 5740
2429 2608 5746
2429 2608 5751
2440 2618 5756
2440 2629 5761
2450 2629 5766
2450 2723 5772
2450 2723 5777
.PEN_UP

.PEN_DOWN
2513 2691 5986
2502 2702 5991
2502 2691 5996
2502 2681 6002
2502 2639 6007
2502 2629 6012
2502 2598 6017
2513 2587 6022
2513 2545 6028
2502 2535 6033
2502 2535 6038
2502 2525 6043
2492 2514 6048
2492 2504 6054
2481 2504 6059
2471 2514 6064
2471 2514 6069
2471 2525 6075
.PEN_UP

.PEN_DOWN
2481 2754 6261
2471 2775 6266
2471 2785 6271
2471 2785 6277
2471 2775 6282
2471 2775 6287
2481 2764 6292
.PEN_UP

.PEN_DOWN
2658 2660 6481
2658 2660 6486
2658 2660 6491
2658 2670 6497
2658 2681 6502
2658 2681 6507
2648 2691 6512
2648 2733 6517
2648 2733 6523
2648 2743 6528
2648 2743 6533
2627 2743 6538
2627 2743 6544
2617 2733 6549
2606 2733 6554
2606 2723 6559
2585 2702 6564
2575 2702 6570
2575 2691 6575
2565 2670 6580
2565 2639 6585
2575 2629 6590
2575 2629 6596
2585 2618 6601
2596 2618 6606
2617 2618 6611
2627 2618 6616
2638 2629 6622
2648 2629 6627
2658 2639 6632
2658 2639 6637
2669 2650 6642
2669 2650 6648
2669 2691 6653
2669 2702 6658
2669 2702 6663
2669 2712 6668
2658 2712 6674
2658 2723 6679
2658 2723 6684
2658 2723 6689
2658 2712 6695
2669 2702 6700
2669 2691 6705
2679 2670 6710
2679 2660 6715
2690 2650 6721
2690 2650 6726
2690 2639 6731
2690 2629 6736
2690 2629 6741
2700 2618 6747
.PEN_UP

.PEN_DOWN
2731 2691 6920
2731 2702 6925
2721 2702 6930
2721 2723 6936
2731 2723 6941
2731 2723 6946
2731 2712 6951
2742 2702 6956
2742 2702 6962
2742 2691 6967
2742 2670 6972
2742 2660 6977
2752 2650 6982
2752 2650 6988
2752 2639 6993
2752 2629 6998
2752 2618 7003
2752 2618 7009
2752 2618 7014
2742 2618 7019
2742 2650 7024
2752 2670 7029
2752 2681 7035
2763 2702 7040
2763 2702 7045
2773 2723 7050
2773 2733 7055
2783 2743 7061
2783 2743 7066
2804 2743 7071
2815 2712 7076
.PEN_UP

.PEN_DOWN
2960 2660 7415
2960 2670 7420
2960 2670 7425
2960 2681 7431
2960 2691 7436
2971 2691 7441
2971 2702 7446
2971 2702 7451
2971 2712 7457
2971 2723 7462
2971 2733 7467
2971 2733 7472
2971 2743 7478
2971 2743 7483
2960 2743 7488
2940 2743 7493
2940 2743 7498
2919 2743 7504
2908 2733 7509
2908 2723 7514
2908 2712 7519
2898 2702 7524
2898 2691 7530
2888 2681 7535
2877 2670 7540
2877 2639 7545
2888 2629 7550
2888 2629 7556
2898 2618 7561
2898 2618 7566
2929 2618 7571
2940 2618 7576
2950 2629 7582
2960 2629 7587
2971 2650 7592
2971 2660 7597
2971 2702 7602
2960 2712 7608
2960 2712 7613
2960 2723 7618
2960 2723 7623
2960 2712 7629
2960 2702 7634
2971 2681 7639
2971 2670 7644
2971 2660 7649
2981 2650 7655
2981 2629 7660
2992 2618 7665
3002 2608 7670
3002 2608 7675
3013 2608 7681
3013 2598 7686
3044 2598 7691
.PEN_UP

.PEN_DOWN
3106 2795 7854
3096 2795 7859
3096 2806 7864
3096 2806 7870
3096 2806 7875
3096 2806 7880
3096 2785 7885
3106 2775 7890
3106 2764 7896
3106 2743 7901
3106 2702 7906
3106 2681 7911
3096 2670 7916
3096 2660 7922
3096 2650 7927
3096 2639 7932
3096 2618 7937
3096 2618 7943
3085 2608 7948
3085 2608 7953
3085 2608 7958
3085 2618 7963
.PEN_UP

.PEN_DOWN
3002 2691 8129
3002 2702 8134
3002 2702 8139
3013 2702 8145
3023 2702 8150
3033 2702 8155
3044 2712 8160
3096 2712 8165
3117 2712 8171
3127 2712 8176
3138 2702 8181
.PEN_UP

.PEN_DOWN
3200 2702 8238
3200 2712 8243
3200 2650 8248
3200 2629 8254
3190 2618 8259
3190 2608 8264
3190 2608 8269
3190 2608 8274
3190 2598 8280
.PEN_UP

.PEN_DOWN
3200 2785 8513
3179 2795 8518
3179 2795 8523
3179 2785 8529
3179 2785 8534
3190 2764 8539
.PEN_UP

.COMMENT End of File
