.VERSION 1.0
.COMMENT File s144w37

.COMMENT See "A Comparison of Approaches to On-line
              Handwritten Character Recognition"
             (Rob Kassel, MIT PhD Thesis, 1995)
             for complete specifications and
             benchmarks on this data.

.DATA_SOURCE MIT_LCS_SLS
.DATA_ID MIT_Natural_Handprint_95

.DATA_CONTACT
 Name: Rob Kassel
 Email: rob@goldilocks.lcs.mit.edu
 Phone: 1-617-253-3049
 Fax: 1-617-258-8642
 Address: Spoken Language Systems Group
          Laboratory for Computer Science
          Massachusetts Institute of Technology
          Room NE43-601
          Cambridge, MA  02139, USA

.SETUP
 Site: MIT
 Writer motivation: Paid
 Writer physical position: Seated at desk
 Instructions given to the writer: Minimal; printing required;
  capitalize initial letter; no correcting; writing to be
  examined later.
 Prompting: Aural prompts, both string and spelled
 Recognizer feedback: no
 Form layout: large writing area, no guides, minimal left/right bias

.DATA_INFO
 Alphabet: English alphanumerics plus symbols to indicate
           connections, ligatures, embellishments, and pen skips
.PAD
 Machine name: Wacom 648A
 Brand: Wacom
 Type: 648A
 Serial Nr.: 160039
 Sensor: Electromagnetic, wireless pen
 Pen: Untethered, tip switch only
 Driver: Mircosoft Windows for Pen Computing V1.0
 Sampling mode: Using Microsoft Visual Basic 2.0 controls
 Sampling rate: 193 Hz
 Resolution: 0.001 inches/unit
 Accuracy: 0.01 inches
 Display: Backlit LCD screen, 640x480
 Inking: 1 pixel wide black on white
.X_DIM 4975
.Y_DIM 3058
.X_POINTS_PER_INCH 100
.Y_POINTS_PER_INCH 100

.ALPHABET "A" "B" "C" "D" "E" "F" "G"
          "H" "I" "J" "K" "L" "M" "N"
          "O" "P" "Q" "R" "S" "T" "U"
          "V" "W" "X" "Y" "Z"
          "a" "b" "c" "d" "e" "f" "g"
          "h" "i" "j" "k" "l" "m" "n"
          "o" "p" "q" "r" "s" "t" "u"
          "v" "w" "x" "y" "z"
          "0" "1" "2" "3" "4"
          "5" "6" "7" "8" "9"
          "!" "&" "*" "+" 

.WRITER_ID 144
.STYLE PRINTED
.HAND R
.AGE 19
.SEX F
.WRITER_INFO
 Group: Development
 Weight: 110
 Student: Yes
 Where educated: NY
 Home language: English & Gujarati
 Name: Nidhi

.COORD X Y T
.HIERARCHY WORD LETTER
.SEGMENT WORD 0-3 ? "Swab"
.SEGMENT LETTER 0 ? "S"
.SEGMENT LETTER 1 ? "w"
.SEGMENT LETTER 2 ? "a"
.SEGMENT LETTER 3 ? "b"

.COMMENT Prompt string: "Swab"
.COMMENT Recognizer string: "S?ab"
.COMMENT Transcriber Comment: ""

.PEN_DOWN
1329 1645 0
1340 1645 5
1340 1656 10
1350 1656 16
1350 1666 21
1350 1708 26
1350 1718 31
1350 1729 36
1340 1739 42
1340 1750 47
1329 1770 52
1329 1781 57
1319 1781 62
1319 1791 68
1277 1791 73
1256 1781 78
1235 1770 83
1215 1750 89
1194 1718 94
1163 1698 99
1142 1666 104
1090 1614 109
1069 1593 115
1048 1573 120
1038 1552 125
1027 1541 130
1027 1500 135
1038 1500 141
1048 1500 146
1079 1489 151
1090 1489 156
1110 1479 161
1142 1468 167
1163 1468 172
1204 1437 177
1235 1427 182
1256 1406 188
1277 1385 193
1298 1354 198
1308 1312 203
1350 1291 208
1350 1270 214
1360 1250 219
1360 1177 224
1350 1156 229
1340 1135 234
1329 1125 240
1308 1104 245
1288 1093 250
1246 1062 255
1235 1062 260
1215 1052 266
1194 1041 271
1173 1041 276
1152 1031 281
1090 1031 286
1069 1041 292
1048 1041 297
1017 1052 302
1017 1052 307
1006 1052 312
1006 1062 318
996 1062 323
1027 1062 328
.PEN_UP

.PEN_DOWN
1517 1375 604
1506 1385 609
1506 1395 614
1496 1406 620
1496 1416 625
1485 1427 630
1485 1427 635
1485 1416 640
1485 1406 646
1496 1385 651
1496 1354 656
1517 1323 661
1517 1302 666
1527 1281 672
1538 1250 677
1548 1198 682
1558 1166 687
1569 1145 693
1569 1125 698
1579 1114 703
1579 1093 708
1579 1083 713
1579 1073 719
1590 1073 724
1590 1073 729
1590 1073 734
1590 1083 739
1600 1093 745
1600 1125 750
1600 1145 755
1600 1166 760
1610 1187 765
1610 1218 771
1610 1291 776
1610 1323 781
1610 1364 786
1621 1385 792
1621 1395 797
1621 1395 802
1631 1395 807
1642 1385 812
1642 1364 818
1652 1312 823
1673 1291 828
1673 1270 833
1683 1239 838
1694 1218 844
1694 1198 849
1704 1177 854
1715 1156 859
1725 1135 864
1735 1125 870
1735 1104 875
1746 1104 880
1756 1093 885
1777 1093 890
1777 1093 896
1777 1093 901
1777 1104 906
1788 1114 911
1788 1125 916
1788 1135 922
1788 1156 927
1788 1208 932
1798 1229 937
1798 1260 943
1808 1281 948
1808 1312 953
1808 1385 958
1808 1406 963
1819 1437 969
1819 1458 974
1819 1468 979
1819 1479 984
1819 1479 989
1829 1468 995
1829 1468 1000
1829 1468 1005
1840 1458 1010
1850 1448 1015
.PEN_UP

.PEN_DOWN
2152 1187 1208
2152 1187 1213
2152 1187 1218
2142 1187 1224
2142 1198 1229
2131 1208 1234
2131 1218 1239
2131 1229 1244
2121 1239 1250
2110 1270 1255
2100 1281 1260
2100 1291 1265
2090 1312 1270
2079 1333 1276
2079 1343 1281
2069 1364 1286
2058 1385 1291
2048 1395 1297
2038 1416 1302
2006 1416 1307
1996 1416 1312
1996 1406 1317
1975 1385 1323
1975 1375 1328
1965 1343 1333
1954 1312 1338
1954 1291 1343
1944 1270 1349
1944 1198 1354
1944 1177 1359
1965 1135 1364
1965 1125 1369
1975 1114 1375
1985 1114 1380
1985 1104 1385
1996 1104 1390
2006 1114 1396
2017 1114 1401
2027 1125 1406
2038 1135 1411
2048 1145 1416
2048 1166 1422
2058 1187 1427
2069 1198 1432
2069 1218 1437
2079 1229 1442
2079 1250 1448
2079 1302 1453
2079 1323 1458
2079 1333 1463
2079 1312 1468
2079 1302 1474
2079 1281 1479
2090 1260 1484
2090 1218 1489
2090 1198 1494
2100 1177 1500
2110 1166 1505
2121 1156 1510
2131 1145 1515
2142 1135 1520
2142 1125 1526
2163 1114 1531
2183 1114 1536
2194 1114 1541
2225 1125 1547
.PEN_UP

.PEN_DOWN
2350 1614 1703
2340 1635 1708
2329 1645 1713
2329 1656 1719
2329 1656 1724
2329 1645 1729
2329 1635 1734
2319 1562 1739
2308 1531 1745
2308 1489 1750
2308 1448 1755
2308 1302 1760
2308 1270 1766
2308 1229 1771
2319 1208 1776
2319 1125 1781
2319 1125 1786
2319 1114 1792
2319 1114 1797
2319 1125 1802
2329 1145 1807
2329 1166 1812
2340 1187 1818
2350 1218 1823
2360 1239 1828
2371 1270 1833
2381 1302 1838
2392 1333 1844
2413 1354 1849
2423 1375 1854
2444 1385 1859
2444 1395 1864
2485 1395 1870
2485 1385 1875
2496 1375 1880
2506 1354 1885
2506 1333 1890
2506 1250 1896
2506 1229 1901
2496 1208 1906
2475 1166 1911
2454 1145 1917
2444 1125 1922
2423 1114 1927
2413 1093 1932
2392 1083 1937
2381 1083 1943
2371 1083 1948
2329 1083 1953
2319 1083 1958
2308 1093 1963
2308 1093 1969
2308 1114 1974
2308 1125 1979
2308 1125 1984
.PEN_UP

.COMMENT End of File
