.VERSION 1.0
.COMMENT File s144w05

.COMMENT See "A Comparison of Approaches to On-line
              Handwritten Character Recognition"
             (Rob Kassel, MIT PhD Thesis, 1995)
             for complete specifications and
             benchmarks on this data.

.DATA_SOURCE MIT_LCS_SLS
.DATA_ID MIT_Natural_Handprint_95

.DATA_CONTACT
 Name: Rob Kassel
 Email: rob@goldilocks.lcs.mit.edu
 Phone: 1-617-253-3049
 Fax: 1-617-258-8642
 Address: Spoken Language Systems Group
          Laboratory for Computer Science
          Massachusetts Institute of Technology
          Room NE43-601
          Cambridge, MA  02139, USA

.SETUP
 Site: MIT
 Writer motivation: Paid
 Writer physical position: Seated at desk
 Instructions given to the writer: Minimal; printing required;
  capitalize initial letter; no correcting; writing to be
  examined later.
 Prompting: Aural prompts, both string and spelled
 Recognizer feedback: no
 Form layout: large writing area, no guides, minimal left/right bias

.DATA_INFO
 Alphabet: English alphanumerics plus symbols to indicate
           connections, ligatures, embellishments, and pen skips
.PAD
 Machine name: Wacom 648A
 Brand: Wacom
 Type: 648A
 Serial Nr.: 160039
 Sensor: Electromagnetic, wireless pen
 Pen: Untethered, tip switch only
 Driver: Mircosoft Windows for Pen Computing V1.0
 Sampling mode: Using Microsoft Visual Basic 2.0 controls
 Sampling rate: 193 Hz
 Resolution: 0.001 inches/unit
 Accuracy: 0.01 inches
 Display: Backlit LCD screen, 640x480
 Inking: 1 pixel wide black on white
.X_DIM 4975
.Y_DIM 3058
.X_POINTS_PER_INCH 100
.Y_POINTS_PER_INCH 100

.ALPHABET "A" "B" "C" "D" "E" "F" "G"
          "H" "I" "J" "K" "L" "M" "N"
          "O" "P" "Q" "R" "S" "T" "U"
          "V" "W" "X" "Y" "Z"
          "a" "b" "c" "d" "e" "f" "g"
          "h" "i" "j" "k" "l" "m" "n"
          "o" "p" "q" "r" "s" "t" "u"
          "v" "w" "x" "y" "z"
          "0" "1" "2" "3" "4"
          "5" "6" "7" "8" "9"
          "!" "&" "*" "+" 

.WRITER_ID 144
.STYLE PRINTED
.HAND R
.AGE 19
.SEX F
.WRITER_INFO
 Group: Development
 Weight: 110
 Student: Yes
 Where educated: NY
 Home language: English & Gujarati
 Name: Nidhi

.COORD X Y T
.HIERARCHY WORD LETTER
.SEGMENT WORD 0-3 ? "Menu"
.SEGMENT LETTER 0 ? "M"
.SEGMENT LETTER 1 ? "e"
.SEGMENT LETTER 2 ? "n"
.SEGMENT LETTER 3 ? "u"

.COMMENT Prompt string: "Menu"
.COMMENT Recognizer string: "?env"
.COMMENT Transcriber Comment: ""

.PEN_DOWN
996 1562 0
985 1562 5
975 1573 10
975 1583 16
965 1593 21
965 1593 26
965 1614 31
965 1604 36
965 1593 42
975 1573 47
975 1541 52
985 1500 57
985 1468 62
985 1427 68
996 1385 73
996 1302 78
996 1250 83
996 1208 89
996 1166 94
1006 1125 99
1006 1083 104
1006 1052 109
1006 1020 115
1017 989 120
1017 958 125
1017 927 130
1017 895 135
1027 875 141
1027 864 146
1027 864 151
1027 864 156
1027 875 161
1027 895 167
1017 916 172
1017 968 177
1006 1010 182
996 1041 188
996 1083 193
996 1125 198
985 1166 203
975 1208 208
975 1250 214
975 1291 219
975 1468 224
965 1500 229
965 1583 234
975 1593 240
975 1604 245
975 1593 250
985 1573 255
996 1552 260
1006 1520 266
1006 1500 271
1027 1479 276
1038 1458 281
1058 1427 286
1069 1395 292
1090 1364 297
1121 1291 302
1142 1270 307
1152 1239 312
1173 1198 318
1194 1135 323
1194 1104 328
1215 1083 333
1225 1062 339
1246 1031 344
1256 1000 349
1256 989 354
1267 989 359
1267 989 365
1267 1010 370
1267 1020 375
1267 1041 380
1277 1093 385
1277 1125 391
1288 1166 396
1288 1208 401
1288 1250 406
1288 1291 411
1298 1343 417
1298 1395 422
1308 1437 427
1308 1479 432
1308 1510 438
1319 1552 443
1319 1614 448
1319 1645 453
1319 1666 458
1319 1698 464
1329 1698 469
1329 1687 474
1340 1656 479
1340 1625 484
1350 1552 490
1360 1510 495
1371 1468 500
1371 1437 505
1381 1385 510
1381 1333 516
1392 1291 521
1392 1250 526
1402 1208 531
1423 1125 536
1423 1083 542
1433 1052 547
1444 1010 552
1454 979 557
1465 948 562
1465 916 568
1475 906 573
1485 885 578
1496 864 583
1506 854 589
1506 833 594
1517 833 599
1527 833 604
1527 843 609
1527 854 615
1538 875 620
.PEN_UP

.PEN_DOWN
1600 1062 934
1590 1041 939
1579 1041 944
1579 1031 950
1590 1031 955
1621 1062 960
1631 1073 965
1652 1073 970
1663 1083 976
1683 1114 981
1704 1125 986
1725 1145 991
1735 1166 996
1746 1177 1002
1756 1198 1007
1777 1208 1012
1777 1229 1017
1788 1250 1023
1788 1270 1028
1788 1281 1033
1767 1281 1038
1746 1281 1043
1735 1270 1049
1715 1260 1054
1694 1250 1059
1673 1229 1064
1652 1218 1069
1642 1198 1075
1621 1145 1080
1600 1114 1085
1579 1083 1090
1579 1052 1095
1579 1020 1101
1579 937 1106
1579 916 1111
1579 895 1116
1590 875 1122
1600 875 1127
1610 843 1132
1631 833 1137
1652 833 1142
1694 833 1148
1715 833 1153
1725 843 1158
1746 854 1163
1767 864 1168
1777 875 1174
1798 885 1179
1840 906 1184
.PEN_UP

.PEN_DOWN
2006 1239 1373
1996 1260 1378
1985 1260 1383
1975 1270 1389
1965 1270 1394
1965 1270 1399
1975 1250 1404
1975 1229 1409
1975 1198 1415
1975 1156 1420
1985 1125 1425
1996 1104 1430
1996 1073 1436
2006 1020 1441
2006 927 1446
1996 916 1451
1996 906 1456
1996 906 1462
1996 927 1467
1996 937 1472
1996 958 1477
2006 968 1482
2006 1000 1488
2006 1020 1493
2017 1052 1498
2017 1073 1503
2017 1104 1508
2038 1166 1514
2048 1208 1519
2058 1239 1524
2069 1260 1529
2079 1270 1534
2121 1270 1540
2131 1260 1545
2152 1250 1550
2152 1239 1555
2163 1198 1560
2173 1177 1566
2173 1145 1571
2173 937 1576
2183 927 1581
2183 927 1587
2183 916 1592
2183 916 1597
2183 927 1602
2204 927 1607
.PEN_UP

.PEN_DOWN
2308 1218 1868
2308 1229 1873
2308 1229 1878
2308 1218 1884
2308 1218 1889
2319 1198 1894
2319 1177 1899
2319 1156 1904
2319 968 1910
2319 948 1915
2319 937 1920
2329 927 1925
2329 916 1930
2350 916 1936
2360 927 1941
2371 937 1946
2381 968 1951
2392 1000 1957
2392 1020 1962
2413 1062 1967
2413 1083 1972
2423 1104 1977
2423 1135 1983
2423 1166 1988
2423 1198 1993
2423 1229 1998
2423 1312 2003
2423 1323 2009
2423 1333 2014
2423 1312 2019
2423 1291 2024
.PEN_UP

.COMMENT End of File
