.VERSION 1.0
.COMMENT File s144w53

.COMMENT See "A Comparison of Approaches to On-line
              Handwritten Character Recognition"
             (Rob Kassel, MIT PhD Thesis, 1995)
             for complete specifications and
             benchmarks on this data.

.DATA_SOURCE MIT_LCS_SLS
.DATA_ID MIT_Natural_Handprint_95

.DATA_CONTACT
 Name: Rob Kassel
 Email: rob@goldilocks.lcs.mit.edu
 Phone: 1-617-253-3049
 Fax: 1-617-258-8642
 Address: Spoken Language Systems Group
          Laboratory for Computer Science
          Massachusetts Institute of Technology
          Room NE43-601
          Cambridge, MA  02139, USA

.SETUP
 Site: MIT
 Writer motivation: Paid
 Writer physical position: Seated at desk
 Instructions given to the writer: Minimal; printing required;
  capitalize initial letter; no correcting; writing to be
  examined later.
 Prompting: Aural prompts, both string and spelled
 Recognizer feedback: no
 Form layout: large writing area, no guides, minimal left/right bias

.DATA_INFO
 Alphabet: English alphanumerics plus symbols to indicate
           connections, ligatures, embellishments, and pen skips
.PAD
 Machine name: Wacom 648A
 Brand: Wacom
 Type: 648A
 Serial Nr.: 160039
 Sensor: Electromagnetic, wireless pen
 Pen: Untethered, tip switch only
 Driver: Mircosoft Windows for Pen Computing V1.0
 Sampling mode: Using Microsoft Visual Basic 2.0 controls
 Sampling rate: 193 Hz
 Resolution: 0.001 inches/unit
 Accuracy: 0.01 inches
 Display: Backlit LCD screen, 640x480
 Inking: 1 pixel wide black on white
.X_DIM 4975
.Y_DIM 3058
.X_POINTS_PER_INCH 100
.Y_POINTS_PER_INCH 100

.ALPHABET "A" "B" "C" "D" "E" "F" "G"
          "H" "I" "J" "K" "L" "M" "N"
          "O" "P" "Q" "R" "S" "T" "U"
          "V" "W" "X" "Y" "Z"
          "a" "b" "c" "d" "e" "f" "g"
          "h" "i" "j" "k" "l" "m" "n"
          "o" "p" "q" "r" "s" "t" "u"
          "v" "w" "x" "y" "z"
          "0" "1" "2" "3" "4"
          "5" "6" "7" "8" "9"
          "!" "&" "*" "+" 

.WRITER_ID 144
.STYLE PRINTED
.HAND R
.AGE 19
.SEX F
.WRITER_INFO
 Group: Development
 Weight: 110
 Student: Yes
 Where educated: NY
 Home language: English & Gujarati
 Name: Nidhi

.COORD X Y T
.HIERARCHY WORD LETTER
.SEGMENT WORD 0-4 ? "Mate"
.SEGMENT LETTER 0 ? "M"
.SEGMENT LETTER 1 ? "a"
.SEGMENT LETTER 2-3 ? "t"
.SEGMENT LETTER 4 ? "e"

.COMMENT Prompt string: "Mate"
.COMMENT Recognizer string: "?ate"
.COMMENT Transcriber Comment: ""

.PEN_DOWN
1069 1468 0
1058 1489 5
1058 1489 10
1058 1500 16
1058 1520 21
1058 1531 26
1058 1541 31
1058 1552 36
1058 1448 42
1058 1416 47
1058 1114 52
1058 1083 57
1058 1052 62
1048 1020 68
1048 989 73
1048 968 78
1048 937 83
1048 895 89
1048 885 94
1048 885 99
1048 885 104
1048 895 109
1048 916 115
1058 937 120
1058 1000 125
1058 1031 130
1058 1062 135
1058 1145 141
1058 1187 146
1058 1312 151
1069 1343 156
1069 1448 161
1069 1468 167
1069 1604 172
1069 1604 177
1069 1593 182
1079 1583 188
1079 1552 193
1090 1520 198
1090 1500 203
1090 1468 208
1100 1448 214
1110 1406 219
1121 1375 224
1131 1333 229
1142 1302 234
1152 1270 240
1163 1239 245
1173 1208 250
1183 1145 255
1194 1125 260
1204 1093 266
1215 1083 271
1225 1062 276
1225 1041 281
1235 1031 286
1235 1020 292
1246 1010 297
1246 1010 302
1246 1000 307
1246 1010 312
1256 1010 318
1256 1083 323
1256 1104 328
1256 1135 333
1267 1177 339
1267 1208 344
1277 1291 349
1288 1333 354
1288 1375 359
1298 1427 365
1298 1468 370
1308 1500 375
1308 1531 380
1319 1562 385
1319 1583 391
1329 1614 396
1329 1635 401
1329 1645 406
1340 1666 411
1340 1666 417
1340 1666 422
1340 1656 427
1350 1635 432
1350 1604 438
1350 1583 443
1350 1510 448
1360 1479 453
1371 1437 458
1371 1395 464
1381 1354 469
1381 1312 474
1381 1270 479
1402 1239 484
1402 1198 490
1402 1156 495
1402 1114 500
1402 1073 505
1413 1052 510
1423 979 516
1433 948 521
1433 927 526
1444 906 531
1454 885 536
1465 875 542
1465 864 547
1475 854 552
1475 843 557
1475 843 562
1485 843 568
1485 843 573
1475 843 578
1475 875 583
.PEN_UP

.PEN_DOWN
1746 1073 989
1735 1062 994
1735 1062 999
1725 1062 1005
1725 1062 1010
1725 1073 1015
1725 1104 1020
1735 1125 1025
1735 1135 1031
1735 1156 1036
1735 1208 1041
1735 1218 1046
1735 1229 1052
1725 1250 1057
1725 1260 1062
1725 1281 1067
1704 1302 1072
1694 1312 1078
1673 1312 1083
1663 1302 1088
1663 1291 1093
1642 1281 1098
1631 1250 1104
1621 1229 1109
1621 1198 1114
1610 1166 1119
1600 1083 1124
1590 1041 1130
1590 1010 1135
1590 968 1140
1590 885 1145
1590 864 1150
1600 854 1156
1600 843 1161
1610 823 1166
1642 823 1171
1652 833 1176
1663 843 1182
1673 864 1187
1683 875 1192
1694 895 1197
1704 916 1203
1704 948 1208
1704 979 1213
1715 1041 1218
1725 1073 1223
1725 1208 1229
1725 1208 1234
1725 1218 1239
1725 1218 1244
1725 1208 1249
1725 1198 1255
1725 1187 1260
1735 1166 1265
1735 1145 1270
1735 1125 1275
1746 1104 1281
1756 1073 1286
1756 1041 1291
1767 1020 1296
1767 968 1302
1777 948 1307
1788 927 1312
1788 916 1317
1798 906 1322
1808 885 1328
1808 885 1333
1829 885 1338
1860 885 1343
1871 885 1348
.PEN_UP

.PEN_DOWN
2048 1468 1648
2048 1479 1653
2048 1520 1658
2048 1510 1664
2048 1500 1669
2048 1448 1674
2048 1406 1679
2058 1364 1684
2058 1323 1690
2069 1281 1695
2069 1239 1700
2079 1208 1705
2079 1177 1710
2079 1135 1716
2079 1104 1721
2079 968 1726
2079 948 1731
2079 895 1737
2079 885 1742
2079 875 1747
2079 875 1752
2079 875 1757
2069 885 1763
2069 958 1768
.PEN_UP

.PEN_DOWN
1902 1125 2033
1892 1125 2038
1892 1125 2043
1892 1125 2049
1913 1135 2054
1933 1145 2059
1954 1145 2064
1965 1156 2069
1985 1166 2075
2006 1177 2080
2027 1187 2085
2058 1208 2090
2110 1208 2096
2131 1218 2101
2152 1218 2106
2163 1229 2111
2183 1229 2116
2183 1229 2122
2204 1229 2127
2204 1239 2132
2215 1239 2137
2215 1239 2142
2215 1239 2148
2215 1239 2153
.PEN_UP

.PEN_DOWN
2329 1083 2362
2308 1083 2367
2308 1073 2372
2319 1073 2378
2319 1073 2383
2329 1073 2388
2350 1083 2393
2360 1093 2398
2371 1104 2404
2381 1104 2409
2402 1114 2414
2413 1125 2419
2444 1135 2424
2465 1145 2430
2475 1156 2435
2485 1156 2440
2496 1166 2445
2496 1166 2451
2506 1177 2456
2506 1187 2461
2517 1187 2466
2517 1208 2471
2506 1218 2477
2506 1229 2482
2506 1239 2487
2496 1250 2492
2485 1250 2497
2475 1250 2503
2475 1260 2508
2444 1260 2513
2433 1250 2518
2413 1250 2523
2392 1239 2529
2381 1229 2534
2371 1208 2539
2360 1187 2544
2340 1166 2550
2329 1145 2555
2308 1125 2560
2298 1093 2565
2288 1073 2570
2288 1052 2576
2277 1010 2581
2277 968 2586
2277 948 2591
2288 927 2596
2298 916 2602
2298 895 2607
2319 895 2612
2329 885 2617
2350 885 2622
2381 885 2628
2413 885 2633
2433 895 2638
2454 906 2643
2475 906 2648
2496 927 2654
2517 937 2659
2527 948 2664
2548 948 2669
2558 958 2674
2569 968 2680
2579 979 2685
2579 989 2690
.PEN_UP

.COMMENT End of File
