.VERSION 1.0
.COMMENT File s144i02

.COMMENT See "A Comparison of Approaches to On-line
              Handwritten Character Recognition"
             (Rob Kassel, MIT PhD Thesis, 1995)
             for complete specifications and
             benchmarks on this data.

.DATA_SOURCE MIT_LCS_SLS
.DATA_ID MIT_Natural_Handprint_95

.DATA_CONTACT
 Name: Rob Kassel
 Email: rob@goldilocks.lcs.mit.edu
 Phone: 1-617-253-3049
 Fax: 1-617-258-8642
 Address: Spoken Language Systems Group
          Laboratory for Computer Science
          Massachusetts Institute of Technology
          Room NE43-601
          Cambridge, MA  02139, USA

.SETUP
 Site: MIT
 Writer motivation: Paid
 Writer physical position: Seated at desk
 Instructions given to the writer: Minimal; printing required;
  capitalize initial letter; no correcting; writing to be
  examined later.
 Prompting: Aural prompts, both string and spelled
 Recognizer feedback: no
 Form layout: large writing area, no guides, minimal left/right bias

.DATA_INFO
 Alphabet: English alphanumerics plus symbols to indicate
           connections, ligatures, embellishments, and pen skips
.PAD
 Machine name: Wacom 648A
 Brand: Wacom
 Type: 648A
 Serial Nr.: 160039
 Sensor: Electromagnetic, wireless pen
 Pen: Untethered, tip switch only
 Driver: Mircosoft Windows for Pen Computing V1.0
 Sampling mode: Using Microsoft Visual Basic 2.0 controls
 Sampling rate: 193 Hz
 Resolution: 0.001 inches/unit
 Accuracy: 0.01 inches
 Display: Backlit LCD screen, 640x480
 Inking: 1 pixel wide black on white
.X_DIM 4975
.Y_DIM 3058
.X_POINTS_PER_INCH 100
.Y_POINTS_PER_INCH 100

.ALPHABET "A" "B" "C" "D" "E" "F" "G"
          "H" "I" "J" "K" "L" "M" "N"
          "O" "P" "Q" "R" "S" "T" "U"
          "V" "W" "X" "Y" "Z"
          "a" "b" "c" "d" "e" "f" "g"
          "h" "i" "j" "k" "l" "m" "n"
          "o" "p" "q" "r" "s" "t" "u"
          "v" "w" "x" "y" "z"
          "0" "1" "2" "3" "4"
          "5" "6" "7" "8" "9"
          "!" "&" "*" "+" 

.WRITER_ID 144
.STYLE PRINTED
.HAND R
.AGE 19
.SEX F
.WRITER_INFO
 Group: Development
 Weight: 110
 Student: Yes
 Where educated: NY
 Home language: English & Gujarati
 Name: Nidhi

.COORD X Y T
.HIERARCHY WORD
.SEGMENT WORD 0-17 ? "UNTRANSCRIBED!!!"

.COMMENT Prompt string: ""
.COMMENT Recognizer string: "West Nrgack s N,v,?"
.COMMENT Transcriber Comment: "Unchecked and unaligned transcription."

.PEN_DOWN
533 2723 0
533 2733 5
533 2743 10
523 2754 16
523 2764 21
523 2775 26
513 2785 31
513 2795 36
513 2795 42
513 2785 47
513 2775 52
523 2775 57
523 2764 62
533 2733 68
544 2723 73
544 2712 78
554 2691 83
554 2681 89
554 2660 94
554 2650 99
565 2618 104
565 2608 109
575 2598 115
575 2577 120
585 2566 125
585 2556 130
585 2545 135
596 2535 141
596 2535 146
596 2535 151
596 2598 156
606 2618 161
606 2629 167
606 2650 172
606 2660 177
606 2691 182
606 2712 188
606 2723 193
606 2754 198
606 2743 203
617 2743 208
617 2733 214
617 2723 219
627 2712 224
638 2702 229
638 2691 234
648 2681 240
648 2660 245
658 2650 250
669 2639 255
669 2629 260
669 2618 266
679 2608 271
679 2598 276
679 2598 281
690 2577 286
690 2577 292
690 2577 297
690 2577 302
690 2577 307
690 2660 312
700 2702 318
700 2723 323
700 2743 328
700 2816 333
700 2816 339
700 2816 344
710 2806 349
.PEN_UP

.PEN_DOWN
731 2639 769
731 2639 774
731 2639 779
731 2639 785
731 2639 790
731 2639 795
742 2650 800
742 2650 805
752 2650 811
763 2660 816
773 2660 821
783 2670 826
794 2670 832
815 2691 837
815 2691 842
815 2702 847
815 2723 852
804 2723 858
794 2723 863
794 2712 868
783 2712 873
783 2702 878
773 2702 884
773 2691 889
763 2681 894
763 2660 899
763 2650 904
763 2629 910
763 2618 915
763 2598 920
773 2598 925
773 2587 930
773 2587 936
773 2577 941
783 2577 946
794 2577 951
815 2577 956
825 2577 962
835 2577 967
.PEN_UP

.PEN_DOWN
950 2681 1153
950 2691 1158
950 2702 1163
940 2702 1169
940 2702 1174
940 2702 1179
929 2712 1184
929 2712 1189
919 2702 1195
919 2702 1200
908 2702 1205
888 2691 1210
877 2670 1216
856 2660 1221
856 2650 1226
867 2650 1231
877 2650 1236
877 2650 1242
888 2650 1247
898 2650 1252
919 2639 1257
929 2639 1262
929 2629 1268
940 2629 1273
950 2618 1278
950 2608 1283
950 2608 1288
950 2577 1294
950 2566 1299
929 2566 1304
919 2556 1309
908 2556 1314
898 2556 1320
856 2556 1325
856 2556 1330
867 2556 1335
877 2556 1340
888 2566 1346
.PEN_UP

.PEN_DOWN
1023 2764 1483
1023 2764 1488
1023 2775 1493
1023 2785 1499
1013 2785 1504
1013 2681 1509
1013 2670 1514
1013 2629 1519
1013 2618 1525
1023 2587 1530
1023 2566 1535
1023 2556 1540
1023 2556 1546
1023 2545 1551
1033 2545 1556
1033 2545 1561
1033 2545 1566
1033 2545 1572
1033 2556 1577
1033 2556 1582
.PEN_UP

.PEN_DOWN
940 2618 1813
919 2618 1818
919 2618 1823
919 2618 1829
929 2618 1834
940 2618 1839
950 2629 1844
971 2639 1849
981 2650 1855
1002 2650 1860
1023 2660 1865
1033 2660 1870
1044 2660 1876
1054 2670 1881
1075 2670 1886
1085 2660 1891
1096 2660 1896
.PEN_UP

.PEN_DOWN
1325 2743 2197
1325 2764 2202
1325 2775 2207
1325 2775 2213
1325 2764 2218
1325 2764 2223
1335 2754 2228
1335 2743 2233
1335 2723 2239
1346 2712 2244
1346 2681 2249
1346 2660 2254
1346 2608 2260
1346 2598 2265
1346 2598 2270
1346 2598 2275
1346 2598 2280
1346 2608 2286
1346 2618 2291
1346 2629 2296
1335 2639 2301
1335 2670 2306
1335 2681 2312
1335 2723 2317
1325 2743 2322
1325 2764 2327
1325 2764 2332
1325 2764 2338
1325 2775 2343
1325 2764 2348
1335 2764 2353
1346 2754 2358
1346 2743 2364
1356 2723 2369
1377 2702 2374
1388 2681 2379
1398 2681 2384
1408 2660 2390
1419 2650 2395
1429 2639 2400
1429 2629 2405
1440 2629 2411
1450 2618 2416
1450 2608 2421
1460 2608 2426
1460 2598 2431
1460 2598 2437
1460 2598 2442
1460 2598 2447
1460 2670 2452
1460 2681 2457
1460 2723 2463
1450 2733 2468
1450 2754 2473
1450 2785 2478
1440 2806 2483
1440 2816 2489
1440 2816 2494
1440 2827 2499
1440 2816 2504
1440 2806 2510
1460 2775 2515
.PEN_UP

.PEN_DOWN
1492 2639 2856
1492 2650 2861
1481 2660 2866
1481 2670 2872
1481 2670 2877
1481 2681 2882
1481 2681 2887
1481 2681 2892
1481 2670 2898
1481 2660 2903
1492 2660 2908
1492 2650 2913
1502 2639 2918
1523 2629 2924
1523 2618 2929
1533 2608 2934
1533 2598 2939
1533 2598 2945
1544 2587 2950
1554 2577 2955
1554 2577 2960
1565 2577 2965
1565 2577 2971
1565 2577 2976
1575 2587 2981
1575 2598 2986
1575 2608 2991
.PEN_UP

.PEN_DOWN
1585 2681 3076
1585 2691 3081
1585 2702 3086
1585 2702 3092
1575 2712 3097
1575 2723 3102
1575 2670 3107
1575 2650 3112
1575 2629 3118
1565 2608 3123
1565 2598 3128
1565 2577 3133
1554 2566 3138
1554 2545 3144
1554 2514 3149
1554 2504 3154
1554 2493 3159
1544 2473 3165
1544 2462 3170
1544 2452 3175
1544 2441 3180
1544 2441 3185
1544 2441 3191
1544 2441 3196
1544 2441 3201
1544 2452 3206
1554 2473 3211
.PEN_UP

.PEN_DOWN
1690 2608 3350
1679 2608 3355
1679 2608 3360
1679 2629 3366
1679 2629 3371
1679 2650 3376
1679 2660 3381
1690 2670 3386
1690 2712 3392
1690 2712 3397
1679 2723 3402
1669 2723 3407
1669 2712 3412
1648 2712 3418
1648 2702 3423
1638 2681 3428
1638 2670 3433
1638 2660 3439
1627 2660 3444
1627 2629 3449
1627 2608 3454
1627 2598 3459
1627 2587 3465
1627 2587 3470
1638 2587 3475
1638 2577 3480
1648 2577 3485
1658 2587 3491
1658 2587 3496
1658 2587 3501
1669 2598 3506
1669 2608 3511
1679 2618 3517
1679 2629 3522
1679 2639 3527
1679 2660 3532
1690 2670 3538
1690 2681 3543
1690 2681 3548
1690 2681 3553
1690 2681 3558
1690 2670 3564
1690 2660 3569
1700 2639 3574
1700 2629 3579
1710 2618 3584
1710 2608 3590
1710 2598 3595
1710 2587 3600
1710 2587 3605
1721 2577 3610
1731 2566 3616
1731 2566 3621
1773 2566 3626
.PEN_UP

.PEN_DOWN
1856 2702 3845
1856 2702 3850
1856 2702 3855
1856 2691 3861
1856 2691 3866
1856 2691 3871
1856 2691 3876
1856 2691 3881
1856 2691 3887
1856 2702 3892
1856 2702 3897
1846 2712 3902
1846 2712 3908
1835 2723 3913
1835 2723 3918
1825 2723 3923
1825 2723 3928
1815 2723 3934
1815 2712 3939
1804 2702 3944
1804 2691 3949
1794 2681 3954
1794 2650 3960
1783 2650 3965
1783 2608 3970
1783 2608 3975
1783 2598 3980
1783 2598 3986
1794 2587 3991
1804 2577 3996
1835 2577 4001
1846 2577 4006
1846 2587 4012
1856 2587 4017
1867 2598 4022
1888 2608 4027
1888 2608 4032
.PEN_UP

.PEN_DOWN
1908 2764 4504
1898 2764 4509
1898 2775 4514
1898 2775 4520
1898 2775 4525
1898 2764 4530
1898 2743 4535
1908 2723 4540
1908 2702 4546
1908 2670 4551
1908 2650 4556
1908 2639 4561
1919 2618 4566
1919 2598 4572
1919 2587 4577
1919 2556 4582
1919 2556 4587
1919 2566 4593
1929 2566 4598
1929 2566 4603
1929 2587 4608
1940 2598 4613
.PEN_UP

.PEN_DOWN
2002 2754 4779
2002 2764 4784
2002 2775 4789
2002 2775 4795
2002 2764 4800
2002 2754 4805
1992 2743 4810
1981 2723 4815
1971 2702 4821
1960 2691 4826
1929 2660 4831
1919 2650 4836
1919 2639 4842
1908 2629 4847
1908 2629 4852
1908 2618 4857
1908 2618 4862
1908 2618 4868
1919 2608 4873
1929 2608 4878
1940 2608 4883
1950 2608 4888
1960 2608 4894
1971 2608 4899
1981 2598 4904
1981 2587 4909
1992 2587 4914
2002 2587 4920
2013 2587 4925
2023 2577 4930
2023 2577 4935
2023 2577 4940
2033 2577 4946
2033 2577 4951
2033 2577 4956
2033 2577 4961
2033 2577 4966
2033 2566 4972
2054 2566 4977
.PEN_UP

.PEN_DOWN
2294 2629 6453
2294 2639 6458
2294 2608 6463
2283 2598 6469
2283 2587 6474
2283 2556 6479
2263 2545 6484
2263 2535 6489
2252 2525 6495
2252 2514 6500
2242 2504 6505
2231 2504 6510
2231 2493 6516
2252 2504 6521
.PEN_UP

.PEN_DOWN
2544 2733 6893
2544 2743 6898
2544 2743 6903
2544 2733 6909
2544 2691 6914
2544 2681 6919
2533 2660 6924
2533 2650 6929
2533 2629 6935
2523 2608 6940
2523 2598 6945
2523 2587 6950
2523 2566 6956
2523 2556 6961
2523 2545 6966
2513 2535 6971
2513 2525 6976
2513 2514 6982
2513 2535 6987
2513 2545 6992
2513 2577 6997
2513 2639 7002
2502 2650 7008
2502 2670 7013
2502 2754 7018
2502 2754 7023
2502 2743 7028
2513 2743 7034
2523 2733 7039
2533 2723 7044
2533 2712 7049
2554 2702 7054
2565 2670 7060
2575 2650 7065
2585 2639 7070
2596 2629 7075
2606 2608 7080
2617 2587 7086
2627 2577 7091
2638 2566 7096
2648 2556 7101
2658 2535 7107
2669 2525 7112
2669 2514 7117
2679 2504 7122
2679 2504 7127
2690 2504 7133
2690 2525 7138
2679 2535 7143
2679 2577 7148
2679 2598 7153
2679 2670 7159
2679 2702 7164
2679 2795 7169
2679 2806 7174
2679 2816 7179
2679 2806 7185
2679 2806 7190
2679 2795 7195
2679 2785 7200
2690 2775 7206
2690 2764 7211
.PEN_UP

.PEN_DOWN
2773 2566 7826
2773 2535 7831
2773 2535 7836
2783 2535 7842
.PEN_UP

.PEN_DOWN
2898 2775 8266
2888 2785 8271
2888 2785 8276
2888 2795 8282
2888 2795 8287
2888 2785 8292
2888 2785 8297
2888 2775 8302
2898 2764 8308
2898 2754 8313
2898 2743 8318
2908 2733 8323
2908 2712 8328
2919 2702 8334
2919 2691 8339
2940 2681 8344
2940 2681 8349
2950 2670 8355
2950 2660 8360
2960 2660 8365
2960 2660 8370
2971 2660 8375
2971 2670 8381
2971 2670 8386
2971 2681 8391
2981 2681 8396
2981 2691 8401
2981 2702 8407
2981 2723 8412
2992 2733 8417
3002 2743 8422
3002 2764 8427
3013 2795 8433
3013 2816 8438
3013 2827 8443
3023 2837 8448
3023 2848 8454
3023 2848 8459
3023 2858 8464
3023 2848 8469
3023 2837 8474
3023 2806 8480
.PEN_UP

.PEN_DOWN
2950 2650 8760
2950 2650 8765
2940 2650 8770
2940 2650 8776
2940 2650 8781
2940 2514 8786
2940 2504 8791
2940 2493 8796
2940 2514 8802
2950 2514 8807
2950 2525 8812
.PEN_UP

.PEN_DOWN
3085 2535 9090
3075 2535 9095
3075 2535 9100
3075 2535 9106
3075 2535 9111
3075 2525 9116
3065 2525 9121
3065 2525 9126
3075 2525 9132
3075 2535 9137
3075 2535 9142
3065 2535 9147
3065 2535 9152
3065 2525 9158
3065 2514 9163
3054 2514 9168
3054 2504 9173
3065 2504 9179
3065 2504 9184
3075 2504 9189
3085 2514 9194
.PEN_UP

.COMMENT End of File
