.VERSION 1.0
.COMMENT File s149i01

.COMMENT See "A Comparison of Approaches to On-line
              Handwritten Character Recognition"
             (Rob Kassel, MIT PhD Thesis, 1995)
             for complete specifications and
             benchmarks on this data.

.DATA_SOURCE MIT_LCS_SLS
.DATA_ID MIT_Natural_Handprint_95

.DATA_CONTACT
 Name: Rob Kassel
 Email: rob@goldilocks.lcs.mit.edu
 Phone: 1-617-253-3049
 Fax: 1-617-258-8642
 Address: Spoken Language Systems Group
          Laboratory for Computer Science
          Massachusetts Institute of Technology
          Room NE43-601
          Cambridge, MA  02139, USA

.SETUP
 Site: MIT
 Writer motivation: Paid
 Writer physical position: Seated at desk
 Instructions given to the writer: Minimal; printing required;
  capitalize initial letter; no correcting; writing to be
  examined later.
 Prompting: Aural prompts, both string and spelled
 Recognizer feedback: no
 Form layout: large writing area, no guides, minimal left/right bias

.DATA_INFO
 Alphabet: English alphanumerics plus symbols to indicate
           connections, ligatures, embellishments, and pen skips
.PAD
 Machine name: Wacom 648A
 Brand: Wacom
 Type: 648A
 Serial Nr.: 160039
 Sensor: Electromagnetic, wireless pen
 Pen: Untethered, tip switch only
 Driver: Mircosoft Windows for Pen Computing V1.0
 Sampling mode: Using Microsoft Visual Basic 2.0 controls
 Sampling rate: 193 Hz
 Resolution: 0.001 inches/unit
 Accuracy: 0.01 inches
 Display: Backlit LCD screen, 640x480
 Inking: 1 pixel wide black on white
.X_DIM 4975
.Y_DIM 3058
.X_POINTS_PER_INCH 100
.Y_POINTS_PER_INCH 100

.ALPHABET "A" "B" "C" "D" "E" "F" "G"
          "H" "I" "J" "K" "L" "M" "N"
          "O" "P" "Q" "R" "S" "T" "U"
          "V" "W" "X" "Y" "Z"
          "a" "b" "c" "d" "e" "f" "g"
          "h" "i" "j" "k" "l" "m" "n"
          "o" "p" "q" "r" "s" "t" "u"
          "v" "w" "x" "y" "z"
          "0" "1" "2" "3" "4"
          "5" "6" "7" "8" "9"
          "!" "&" "*" "+" 

.WRITER_ID 149
.STYLE PRINTED
.HAND R
.AGE 21
.SEX M
.WRITER_INFO
 Group: Evaluation
 Weight: 150
 Student: Yes
 Where educated: England
 Home language: English
 Name: Bernard

.COORD X Y T
.HIERARCHY WORD
.SEGMENT WORD 0-11 ? "UNTRANSCRIBED!!!"

.COMMENT Prompt string: ""
.COMMENT Recognizer string: "13F?~ARC)"
.COMMENT Transcriber Comment: "Unchecked and unaligned transcription."

.PEN_DOWN
606 2743 0
606 2754 5
606 2754 10
606 2743 16
596 2733 21
596 2712 26
596 2702 31
596 2670 36
596 2660 42
596 2650 47
596 2650 52
596 2629 57
606 2629 62
606 2618 68
606 2618 73
606 2618 78
.PEN_UP

.PEN_DOWN
523 2764 330
523 2775 335
533 2775 340
533 2785 346
544 2785 351
554 2785 356
565 2785 361
575 2785 366
617 2785 372
627 2795 377
648 2795 382
648 2785 387
669 2785 392
669 2785 398
669 2775 403
669 2775 408
669 2764 413
658 2754 419
648 2754 424
638 2743 429
617 2733 434
617 2733 439
596 2712 445
596 2712 450
596 2712 455
596 2691 460
596 2691 465
606 2691 471
617 2681 476
617 2670 481
627 2670 486
638 2670 491
638 2660 497
648 2660 502
658 2650 507
658 2639 512
658 2639 518
658 2618 523
658 2618 528
658 2608 533
648 2608 538
638 2608 544
638 2598 549
596 2598 554
585 2608 559
554 2608 564
554 2608 570
544 2618 575
544 2618 580
.PEN_UP

.PEN_DOWN
731 2702 879
731 2702 884
731 2702 889
731 2702 895
731 2702 900
731 2702 905
731 2670 910
731 2670 915
721 2660 921
721 2660 926
721 2629 931
721 2629 936
731 2629 942
.PEN_UP

.PEN_DOWN
710 2712 1044
710 2733 1049
721 2733 1054
721 2733 1060
731 2743 1065
752 2754 1070
773 2754 1075
773 2754 1080
783 2754 1086
804 2754 1091
.PEN_UP

.PEN_DOWN
721 2681 1263
731 2681 1268
742 2681 1273
752 2691 1279
752 2691 1284
763 2691 1289
763 2691 1294
783 2691 1299
804 2691 1305
804 2691 1310
804 2691 1315
804 2691 1320
.PEN_UP

.PEN_DOWN
721 2618 1483
731 2618 1488
742 2618 1493
752 2618 1499
783 2618 1504
804 2608 1509
835 2608 1514
835 2608 1519
846 2608 1525
846 2608 1530
846 2608 1535
846 2639 1540
846 2639 1546
846 2702 1551
856 2702 1556
856 2712 1561
856 2712 1566
856 2723 1572
867 2733 1577
867 2733 1582
867 2743 1587
877 2743 1592
888 2743 1598
888 2743 1603
898 2743 1608
898 2733 1613
898 2733 1618
898 2712 1624
898 2712 1629
888 2712 1634
877 2691 1639
877 2691 1644
877 2681 1650
867 2670 1655
867 2670 1660
867 2670 1665
856 2660 1670
856 2650 1676
856 2650 1681
867 2639 1686
877 2639 1691
888 2639 1697
888 2639 1702
898 2639 1707
898 2629 1712
919 2629 1717
929 2629 1723
929 2629 1728
.PEN_UP

.PEN_DOWN
992 2650 2087
992 2639 2092
992 2639 2097
992 2629 2103
1002 2629 2108
1002 2629 2113
1002 2629 2118
1002 2629 2123
1002 2639 2129
1002 2691 2134
1002 2691 2139
1013 2691 2144
1013 2691 2150
1013 2691 2155
1023 2681 2160
1033 2681 2165
1033 2670 2170
1044 2670 2176
1054 2660 2181
1054 2660 2186
1065 2650 2191
1085 2650 2196
1096 2650 2202
1117 2650 2207
1117 2650 2212
1127 2660 2217
1138 2660 2222
1138 2670 2228
1138 2670 2233
1138 2691 2238
1138 2691 2243
1138 2691 2248
1127 2702 2254
1117 2702 2259
1117 2702 2264
.PEN_UP

.PEN_DOWN
1200 2639 2527
1200 2639 2532
1190 2639 2537
1190 2723 2543
1200 2723 2548
1200 2733 2553
1200 2743 2558
1210 2743 2563
1210 2754 2569
1210 2754 2574
1210 2754 2579
1221 2754 2584
1231 2754 2590
1231 2754 2595
1231 2754 2600
1231 2743 2605
1242 2733 2610
1242 2733 2616
1242 2723 2621
1242 2723 2626
1242 2712 2631
1242 2660 2636
1242 2650 2642
1252 2650 2647
1252 2639 2652
1252 2639 2657
.PEN_UP

.PEN_DOWN
1231 2670 3021
1231 2670 3026
1242 2670 3031
1252 2660 3037
1263 2660 3042
1263 2660 3047
1273 2650 3052
1273 2650 3057
1283 2639 3063
1283 2639 3068
1294 2639 3073
1294 2629 3078
1304 2629 3084
1304 2629 3089
1315 2629 3094
1315 2629 3099
1315 2629 3104
1294 2629 3110
1294 2629 3115
1294 2639 3120
1294 2639 3125
1283 2650 3130
1283 2650 3136
1283 2660 3141
1283 2670 3146
1283 2670 3151
1273 2681 3156
1273 2691 3162
1273 2712 3167
1283 2712 3172
1283 2723 3177
1283 2723 3182
1294 2723 3188
1294 2733 3193
1315 2733 3198
1315 2733 3203
1325 2743 3208
1325 2743 3214
1346 2743 3219
1346 2733 3224
1346 2733 3229
1346 2733 3235
1346 2712 3240
1346 2712 3245
1346 2702 3250
1346 2691 3255
1335 2691 3261
1325 2681 3266
1325 2670 3271
1315 2670 3276
1315 2650 3281
1325 2639 3287
1325 2639 3292
1325 2639 3297
1346 2639 3302
1346 2639 3307
1356 2639 3313
1356 2629 3318
1367 2629 3323
1377 2629 3328
1388 2629 3334
1388 2629 3339
1398 2629 3344
1408 2629 3349
.PEN_UP

.PEN_DOWN
1460 2691 3625
1450 2691 3630
1450 2712 3635
1460 2712 3641
1460 2702 3646
1460 2702 3651
1460 2681 3656
1460 2670 3661
1460 2670 3667
1460 2660 3672
1460 2639 3677
1471 2629 3682
1471 2618 3688
1471 2618 3693
.PEN_UP

.PEN_DOWN
1450 2723 3900
1440 2743 3905
1440 2743 3910
1440 2743 3916
1440 2743 3921
1450 2743 3926
1460 2733 3931
1460 2733 3936
1481 2723 3942
1481 2723 3947
1492 2712 3952
1492 2702 3957
1502 2691 3962
1502 2691 3968
1502 2681 3973
1513 2660 3978
1513 2650 3983
1513 2639 3989
1502 2639 3994
1492 2639 3999
1492 2629 4004
1481 2629 4009
1471 2629 4015
1460 2629 4020
1450 2618 4025
1440 2618 4030
1419 2618 4035
1408 2608 4041
1408 2608 4046
1408 2608 4051
.PEN_UP

.PEN_DOWN
1179 2702 4998
1190 2702 5003
1190 2702 5008
1190 2702 5014
1190 2702 5019
1210 2702 5024
1210 2702 5029
1231 2702 5034
1231 2702 5040
1231 2691 5045
1231 2691 5050
.PEN_UP

.COMMENT End of File
