.VERSION 1.0
.COMMENT File s057n15

.COMMENT See "A Comparison of Approaches to On-line
              Handwritten Character Recognition"
             (Rob Kassel, MIT PhD Thesis, 1995)
             for complete specifications and
             benchmarks on this data.

.DATA_SOURCE MIT_LCS_SLS
.DATA_ID MIT_Natural_Handprint_95

.DATA_CONTACT
 Name: Rob Kassel
 Email: rob@goldilocks.lcs.mit.edu
 Phone: 1-617-253-3049
 Fax: 1-617-258-8642
 Address: Spoken Language Systems Group
          Laboratory for Computer Science
          Massachusetts Institute of Technology
          Room NE43-601
          Cambridge, MA  02139, USA

.SETUP
 Site: MIT
 Writer motivation: Paid
 Writer physical position: Seated at desk
 Instructions given to the writer: Minimal; printing required;
  capitalize initial letter; no correcting; writing to be
  examined later.
 Prompting: Aural prompts, both string and spelled
 Recognizer feedback: no
 Form layout: large writing area, no guides, minimal left/right bias

.DATA_INFO
 Alphabet: English alphanumerics plus symbols to indicate
           connections, ligatures, embellishments, and pen skips
.PAD
 Machine name: Wacom 648A
 Brand: Wacom
 Type: 648A
 Serial Nr.: 160039
 Sensor: Electromagnetic, wireless pen
 Pen: Untethered, tip switch only
 Driver: Mircosoft Windows for Pen Computing V1.0
 Sampling mode: Using Microsoft Visual Basic 2.0 controls
 Sampling rate: 193 Hz
 Resolution: 0.001 inches/unit
 Accuracy: 0.01 inches
 Display: Backlit LCD screen, 640x480
 Inking: 1 pixel wide black on white
.X_DIM 4975
.Y_DIM 3058
.X_POINTS_PER_INCH 100
.Y_POINTS_PER_INCH 100

.ALPHABET "A" "B" "C" "D" "E" "F" "G"
          "H" "I" "J" "K" "L" "M" "N"
          "O" "P" "Q" "R" "S" "T" "U"
          "V" "W" "X" "Y" "Z"
          "a" "b" "c" "d" "e" "f" "g"
          "h" "i" "j" "k" "l" "m" "n"
          "o" "p" "q" "r" "s" "t" "u"
          "v" "w" "x" "y" "z"
          "0" "1" "2" "3" "4"
          "5" "6" "7" "8" "9"
          "!" "&" "*" "+" 

.WRITER_ID 57
.STYLE PRINTED
.HAND L
.AGE 24
.SEX M
.WRITER_INFO
 Group: Training
 Weight: 140
 Student: Yes
 Where educated: MA
 Home language: English
 Name: David

.COORD X Y T
.HIERARCHY WORD LETTER
.SEGMENT WORD 0-6 ? "54331"
.SEGMENT LETTER 0 ? "5"
.SEGMENT LETTER 1-2 ? "4"
.SEGMENT LETTER 3 ? "3"
.SEGMENT LETTER 4 ? "3"
.SEGMENT LETTER 5-6 ? "1"

.COMMENT Prompt string: "54331"
.COMMENT Recognizer string: "?433f"
.COMMENT Transcriber Comment: ""

.PEN_DOWN
673 2750 0
683 2750 5
683 2750 10
683 2760 16
683 2750 21
683 2750 26
683 2750 31
683 2750 36
683 2750 42
683 2750 47
683 2729 52
673 2729 57
663 2708 62
652 2687 68
631 2666 73
610 2645 78
569 2625 83
527 2614 89
485 2604 94
433 2593 99
371 2604 104
329 2604 109
298 2614 115
277 2625 120
256 2635 125
246 2656 130
246 2666 135
235 2666 141
235 2666 146
225 2677 151
225 2677 156
225 2677 161
225 2677 167
225 2666 172
225 2614 177
225 2583 182
225 2541 188
225 2510 193
225 2479 198
225 2437 203
215 2395 208
215 2354 214
215 2323 219
215 2281 224
215 2250 229
215 2208 234
215 2073 240
215 2041 245
204 2000 250
204 1979 255
204 1968 260
204 1958 266
204 1948 271
204 1948 276
204 1948 281
204 1958 286
215 1968 292
225 1989 297
235 2010 302
256 2031 307
277 2052 312
308 2073 318
329 2093 323
360 2104 328
381 2114 333
433 2135 339
454 2145 344
485 2156 349
517 2166 354
558 2177 359
579 2177 365
610 2177 370
631 2166 375
673 2145 380
694 2135 385
715 2114 391
735 2083 396
746 2062 401
756 2020 406
767 1989 411
788 1937 417
808 1854 422
819 1802 427
819 1739 432
819 1656 438
819 1614 443
808 1541 448
798 1500 453
798 1448 458
788 1395 464
767 1333 469
756 1281 474
746 1229 479
725 1177 484
694 1093 490
673 1041 495
652 979 500
631 916 505
590 843 510
548 781 516
517 718 521
465 666 526
402 614 531
350 583 536
298 562 542
246 552 547
173 541 552
131 552 557
90 562 562
58 573 568
17 593 573
6 614 578
6 625 583
48 635 589
.PEN_UP

.PEN_DOWN
1277 2718 3571
1267 2718 3576
1256 2729 3581
1256 2729 3587
1256 2729 3592
1256 2729 3597
1256 2729 3602
1277 2729 3607
1288 2729 3613
1308 2718 3618
1329 2718 3623
1350 2708 3628
1371 2698 3634
1402 2677 3639
1413 2656 3644
1433 2635 3649
1454 2604 3654
1465 2552 3660
1475 2510 3665
1485 2468 3670
1496 2406 3675
1496 2354 3680
1496 2302 3686
1485 2250 3691
1485 2166 3696
1475 2104 3701
1475 2041 3706
1454 1979 3712
1433 1906 3717
1413 1843 3722
1392 1781 3727
1371 1718 3732
1340 1645 3738
1308 1593 3743
1288 1541 3748
1267 1500 3753
1225 1437 3758
1204 1406 3764
1183 1375 3769
1163 1343 3774
1121 1291 3779
1110 1270 3785
1090 1260 3790
1079 1250 3795
1058 1229 3800
1048 1229 3805
1048 1218 3811
1048 1218 3816
1048 1218 3821
1058 1229 3826
1058 1229 3831
1079 1239 3837
1090 1250 3842
1100 1260 3847
1142 1260 3852
1173 1250 3857
1204 1250 3863
1267 1250 3868
1329 1250 3873
1392 1250 3878
1704 1250 3884
1767 1250 3889
1829 1250 3894
1871 1260 3899
1902 1260 3904
1913 1270 3910
1923 1312 3915
1923 1343 3920
.PEN_UP

.PEN_DOWN
1756 2593 5053
1756 2583 5058
1746 2562 5063
1735 2531 5069
1725 2500 5074
1715 2468 5079
1715 2416 5084
1704 2364 5089
1694 2323 5095
1694 2270 5100
1673 2208 5105
1663 2156 5110
1652 2104 5116
1652 2052 5121
1642 1979 5126
1631 1916 5131
1631 1864 5136
1631 1812 5142
1642 1729 5147
1642 1677 5152
1652 1562 5157
1652 1427 5162
1652 1354 5168
1652 1291 5173
1652 1041 5178
1652 968 5183
1652 854 5188
1642 791 5194
1642 708 5199
1631 666 5204
1631 614 5209
1631 573 5214
1631 510 5220
1631 479 5225
1631 448 5230
1631 416 5235
1642 395 5240
1642 375 5246
.PEN_UP

.PEN_DOWN
2048 2750 6427
2048 2750 6432
2038 2739 6437
2038 2729 6443
2027 2718 6448
2027 2718 6453
2048 2708 6458
2090 2698 6463
2131 2698 6469
2183 2687 6474
2225 2687 6479
2308 2677 6484
2360 2677 6490
2423 2666 6495
2496 2666 6500
2579 2677 6505
2631 2677 6510
2673 2677 6516
2704 2677 6521
2735 2687 6526
2735 2698 6531
2735 2687 6536
2725 2687 6542
2715 2687 6547
2704 2677 6552
2683 2656 6557
2652 2625 6562
2631 2604 6568
2610 2573 6573
2579 2531 6578
2548 2489 6583
2527 2458 6588
2496 2427 6594
2454 2375 6599
2423 2343 6604
2392 2312 6609
2371 2270 6614
2329 2229 6620
2308 2187 6625
2288 2156 6630
2267 2125 6635
2246 2073 6641
2225 2041 6646
2215 2020 6651
2194 1989 6656
2183 1948 6661
2173 1916 6667
2152 1895 6672
2142 1875 6677
2121 1843 6682
2110 1823 6687
2100 1802 6693
2090 1781 6698
2079 1760 6703
2079 1750 6708
2069 1739 6713
2058 1729 6719
2058 1729 6724
2058 1729 6729
2058 1729 6734
2069 1739 6740
2079 1739 6745
2100 1760 6750
2131 1781 6755
2142 1802 6760
2173 1812 6766
2194 1812 6771
2235 1823 6776
2267 1823 6781
2288 1812 6786
2329 1812 6792
2360 1802 6797
2381 1791 6802
2413 1781 6807
2454 1760 6812
2485 1739 6818
2506 1708 6823
2527 1677 6828
2569 1635 6833
2590 1583 6838
2621 1541 6844
2642 1489 6849
2673 1427 6854
2683 1375 6859
2704 1312 6864
2715 1250 6870
2725 1166 6875
2735 1104 6880
2735 1041 6885
2735 989 6891
2725 895 6896
2715 843 6901
2704 781 6906
2683 718 6911
2652 656 6917
2621 604 6922
2600 541 6927
2569 500 6932
2527 458 6937
2485 427 6943
2454 395 6948
2413 375 6953
2360 343 6958
2329 333 6963
2298 312 6969
2267 302 6974
2235 291 6979
2215 291 6984
2183 302 6990
2152 302 6995
2131 302 7000
2110 312 7005
2090 323 7010
2069 333 7016
2058 343 7021
2048 354 7026
2048 364 7031
2048 385 7036
2038 416 7042
.PEN_UP

.PEN_DOWN
2860 2645 8953
2860 2645 8958
2860 2645 8963
2850 2645 8969
2850 2645 8974
2860 2645 8979
2871 2635 8984
2902 2635 8989
2933 2635 8995
3006 2635 9000
3058 2635 9005
3110 2635 9010
3163 2635 9016
3215 2635 9021
3277 2645 9026
3319 2645 9031
3360 2656 9036
3402 2656 9042
3433 2666 9047
3475 2677 9052
3496 2687 9057
3517 2687 9062
3527 2687 9068
3538 2687 9073
3538 2687 9078
3538 2687 9083
3538 2677 9088
3527 2666 9094
3517 2645 9099
3506 2625 9104
3496 2593 9109
3485 2562 9114
3465 2510 9120
3444 2479 9125
3423 2437 9130
3402 2385 9135
3371 2333 9140
3340 2302 9146
3319 2260 9151
3288 2198 9156
3267 2156 9161
3246 2114 9167
3235 2073 9172
3215 2020 9177
3194 1968 9182
3183 1927 9187
3163 1895 9193
3131 1843 9198
3121 1812 9203
3100 1781 9208
3079 1750 9213
3069 1708 9219
3048 1687 9224
3048 1677 9229
3038 1666 9234
3038 1656 9239
3038 1656 9245
3038 1656 9250
3038 1656 9255
3058 1666 9260
3079 1677 9266
3100 1687 9271
3142 1708 9276
3163 1729 9281
3204 1729 9286
3235 1729 9292
3319 1729 9297
3360 1718 9302
3392 1698 9307
3433 1677 9312
3475 1645 9318
3506 1614 9323
3538 1573 9328
3569 1520 9333
3590 1468 9338
3600 1416 9344
3621 1333 9349
3621 1270 9354
3631 1208 9359
3631 1041 9364
3621 968 9370
3621 895 9375
3600 823 9380
3569 729 9385
3538 656 9390
3496 593 9396
3454 541 9401
3392 468 9406
3329 427 9411
3277 385 9417
3204 354 9422
3110 312 9427
3038 291 9432
2975 270 9437
2913 260 9443
2850 260 9448
2819 270 9453
2819 281 9458
2840 312 9463
2860 343 9469
.PEN_UP

.PEN_DOWN
3975 2281 10985
3975 2302 10990
3985 2323 10995
3996 2354 11001
4017 2395 11006
4038 2427 11011
4058 2458 11016
4090 2489 11021
4121 2541 11027
4142 2573 11032
4173 2604 11037
4194 2635 11042
4225 2677 11048
4246 2708 11053
4256 2739 11058
4277 2750 11063
4298 2770 11068
4298 2781 11074
4298 2760 11079
4298 2729 11084
4298 2698 11089
4288 2656 11094
4267 2583 11100
4256 2531 11105
4246 2468 11110
4235 2364 11115
4225 2291 11120
4204 2218 11126
4194 2135 11131
4183 2020 11136
4183 1937 11141
4183 1854 11146
4173 1760 11152
4173 1645 11157
4173 1552 11162
4163 1468 11167
4152 1375 11172
4142 1260 11178
4131 1187 11183
4131 1093 11188
4131 1020 11193
4131 906 11199
4131 823 11204
4131 750 11209
4131 583 11214
4121 531 11219
4110 479 11225
4110 437 11230
4110 375 11235
4110 270 11240
4110 250 11245
4110 250 11251
4121 250 11256
4121 260 11261
4110 281 11266
.PEN_UP

.PEN_DOWN
4433 302 12139
4454 312 12144
4485 312 12149
4517 312 12155
4538 312 12160
4548 302 12165
4558 291 12170
4558 291 12175
4538 291 12181
4506 291 12186
4454 281 12191
4413 281 12196
4350 270 12202
4267 270 12207
4183 260 12212
3788 260 12217
3735 260 12222
3694 260 12228
3652 270 12233
3610 270 12238
3590 270 12243
3527 270 12248
.PEN_UP

.COMMENT End of File
