.VERSION 1.0
.COMMENT File s057n17

.COMMENT See "A Comparison of Approaches to On-line
              Handwritten Character Recognition"
             (Rob Kassel, MIT PhD Thesis, 1995)
             for complete specifications and
             benchmarks on this data.

.DATA_SOURCE MIT_LCS_SLS
.DATA_ID MIT_Natural_Handprint_95

.DATA_CONTACT
 Name: Rob Kassel
 Email: rob@goldilocks.lcs.mit.edu
 Phone: 1-617-253-3049
 Fax: 1-617-258-8642
 Address: Spoken Language Systems Group
          Laboratory for Computer Science
          Massachusetts Institute of Technology
          Room NE43-601
          Cambridge, MA  02139, USA

.SETUP
 Site: MIT
 Writer motivation: Paid
 Writer physical position: Seated at desk
 Instructions given to the writer: Minimal; printing required;
  capitalize initial letter; no correcting; writing to be
  examined later.
 Prompting: Aural prompts, both string and spelled
 Recognizer feedback: no
 Form layout: large writing area, no guides, minimal left/right bias

.DATA_INFO
 Alphabet: English alphanumerics plus symbols to indicate
           connections, ligatures, embellishments, and pen skips
.PAD
 Machine name: Wacom 648A
 Brand: Wacom
 Type: 648A
 Serial Nr.: 160039
 Sensor: Electromagnetic, wireless pen
 Pen: Untethered, tip switch only
 Driver: Mircosoft Windows for Pen Computing V1.0
 Sampling mode: Using Microsoft Visual Basic 2.0 controls
 Sampling rate: 193 Hz
 Resolution: 0.001 inches/unit
 Accuracy: 0.01 inches
 Display: Backlit LCD screen, 640x480
 Inking: 1 pixel wide black on white
.X_DIM 4975
.Y_DIM 3058
.X_POINTS_PER_INCH 100
.Y_POINTS_PER_INCH 100

.ALPHABET "A" "B" "C" "D" "E" "F" "G"
          "H" "I" "J" "K" "L" "M" "N"
          "O" "P" "Q" "R" "S" "T" "U"
          "V" "W" "X" "Y" "Z"
          "a" "b" "c" "d" "e" "f" "g"
          "h" "i" "j" "k" "l" "m" "n"
          "o" "p" "q" "r" "s" "t" "u"
          "v" "w" "x" "y" "z"
          "0" "1" "2" "3" "4"
          "5" "6" "7" "8" "9"
          "!" "&" "*" "+" 

.WRITER_ID 57
.STYLE PRINTED
.HAND L
.AGE 24
.SEX M
.WRITER_INFO
 Group: Training
 Weight: 140
 Student: Yes
 Where educated: MA
 Home language: English
 Name: David

.COORD X Y T
.HIERARCHY WORD LETTER
.SEGMENT WORD 0-5 ? "23687"
.SEGMENT LETTER 0 ? "2"
.SEGMENT LETTER 1 ? "3"
.SEGMENT LETTER 2 ? "6"
.SEGMENT LETTER 3 ? "8"
.SEGMENT LETTER 4-5 ? "7"

.COMMENT Prompt string: "23687"
.COMMENT Recognizer string: "?36?7"
.COMMENT Transcriber Comment: ""

.PEN_DOWN
652 1187 0
652 1187 5
652 1187 10
652 1177 16
652 1177 21
652 1177 26
652 1187 31
652 1187 36
652 1187 42
663 1187 47
673 1187 52
704 1187 57
704 1187 62
704 1187 68
715 1177 73
715 1177 78
725 1166 83
725 1104 89
715 1104 94
715 1093 99
715 1083 104
704 1083 109
704 1073 115
694 1073 120
694 1062 125
683 1062 130
683 1062 135
673 1062 141
673 1052 146
652 1052 151
652 1052 156
652 1052 161
642 1062 167
631 1062 172
631 1062 177
631 1062 182
631 1073 188
631 1073 193
631 1083 198
631 1083 203
631 1083 208
631 1083 214
642 1083 219
642 1093 224
642 1093 229
652 1104 234
663 1104 240
663 1093 245
673 1093 250
673 1104 255
673 1104 260
683 1093 266
683 1093 271
694 1073 276
694 1073 281
694 1073 286
704 1073 292
704 1062 297
704 1062 302
704 1062 307
715 1062 312
725 1062 318
725 1062 323
735 1062 328
746 1062 333
756 1062 339
756 1052 344
767 1052 349
767 1052 354
.PEN_UP

.PEN_DOWN
777 1208 1978
777 1208 1983
777 1198 1988
829 1198 1994
840 1208 1999
850 1198 2004
860 1198 2009
860 1208 2014
871 1208 2020
881 1208 2025
881 1208 2030
892 1208 2035
892 1198 2040
881 1198 2046
881 1198 2051
881 1187 2056
871 1187 2061
871 1187 2067
860 1177 2072
850 1166 2077
850 1166 2082
840 1166 2087
840 1156 2093
840 1156 2098
829 1145 2103
829 1145 2108
829 1145 2113
829 1145 2119
829 1145 2124
829 1145 2129
850 1145 2134
850 1145 2139
860 1145 2145
860 1145 2150
871 1145 2155
871 1135 2160
871 1135 2166
881 1135 2171
881 1125 2176
892 1125 2181
892 1114 2186
892 1114 2192
892 1093 2197
892 1083 2202
881 1073 2207
881 1062 2212
881 1062 2218
871 1062 2223
860 1052 2228
860 1052 2233
850 1052 2238
850 1052 2244
829 1052 2249
819 1052 2254
819 1052 2259
808 1062 2264
798 1062 2270
798 1062 2275
788 1062 2280
788 1062 2285
788 1062 2290
788 1073 2296
.PEN_UP

.PEN_DOWN
996 1208 3845
996 1218 3850
996 1208 3855
985 1208 3861
975 1208 3866
975 1198 3871
975 1198 3876
965 1187 3881
954 1177 3887
944 1166 3892
944 1166 3897
944 1156 3902
933 1145 3908
933 1135 3913
933 1125 3918
933 1125 3923
933 1114 3928
933 1104 3934
933 1093 3939
933 1083 3944
933 1073 3949
933 1073 3954
933 1073 3960
944 1073 3965
944 1062 3970
954 1052 3975
965 1052 3980
975 1041 3986
985 1041 3991
996 1041 3996
1006 1052 4001
1017 1052 4006
1017 1052 4012
1027 1062 4017
1027 1062 4022
1027 1062 4027
1027 1073 4032
1027 1073 4038
1027 1083 4043
1017 1083 4048
1017 1083 4053
1006 1083 4059
1006 1083 4064
996 1083 4069
996 1083 4074
996 1073 4079
996 1073 4085
985 1062 4090
985 1062 4095
985 1062 4100
985 1052 4105
975 1041 4111
975 1041 4116
985 1031 4121
985 1031 4126
.PEN_UP

.PEN_DOWN
1131 1156 5273
1131 1156 5278
1121 1156 5283
1110 1166 5289
1110 1166 5294
1110 1166 5299
1100 1177 5304
1090 1177 5309
1090 1187 5315
1100 1198 5320
1100 1198 5325
1110 1208 5330
1110 1208 5336
1131 1208 5341
1152 1208 5346
1173 1208 5351
1173 1208 5356
1173 1208 5362
1183 1198 5367
1183 1198 5372
1183 1187 5377
1183 1177 5382
1173 1145 5388
1173 1145 5393
1173 1125 5398
1163 1114 5403
1152 1104 5408
1152 1093 5414
1142 1083 5419
1142 1073 5424
1142 1052 5429
1142 1052 5434
1152 1041 5440
1152 1041 5445
1163 1031 5450
1163 1031 5455
1173 1031 5460
1173 1041 5466
1173 1041 5471
1183 1041 5476
1183 1052 5481
1183 1073 5487
1173 1083 5492
1173 1093 5497
1163 1093 5502
1152 1104 5507
1142 1114 5513
1131 1125 5518
1110 1135 5523
1090 1156 5528
1090 1166 5533
.PEN_UP

.PEN_DOWN
1246 1208 6591
1225 1208 6596
1225 1208 6601
1215 1208 6607
1215 1208 6612
1215 1208 6617
1215 1208 6622
1215 1208 6627
1225 1208 6633
1246 1198 6638
1267 1198 6643
1288 1198 6648
1298 1198 6654
1308 1198 6659
1329 1208 6664
1329 1208 6669
1329 1208 6674
1329 1208 6680
1340 1208 6685
1350 1208 6690
1350 1208 6695
1350 1208 6700
1350 1198 6706
1350 1187 6711
1340 1187 6716
1340 1166 6721
1329 1166 6726
1329 1156 6732
1319 1145 6737
1319 1135 6742
1308 1125 6747
1298 1114 6752
1298 1104 6758
1288 1093 6763
1277 1073 6768
1267 1062 6773
1267 1062 6778
1256 1041 6784
1246 1031 6789
1246 1031 6794
1246 1020 6799
1246 1020 6805
1246 1020 6810
1246 1020 6815
1246 1031 6820
1246 1031 6825
.PEN_UP

.PEN_DOWN
1350 1114 7745
1350 1125 7750
1350 1114 7755
1350 1114 7761
1340 1114 7766
1329 1114 7771
1288 1114 7776
1267 1114 7781
1235 1114 7787
.PEN_UP

.COMMENT End of File
