.VERSION 1.0
.COMMENT File s057i02

.COMMENT See "A Comparison of Approaches to On-line
              Handwritten Character Recognition"
             (Rob Kassel, MIT PhD Thesis, 1995)
             for complete specifications and
             benchmarks on this data.

.DATA_SOURCE MIT_LCS_SLS
.DATA_ID MIT_Natural_Handprint_95

.DATA_CONTACT
 Name: Rob Kassel
 Email: rob@goldilocks.lcs.mit.edu
 Phone: 1-617-253-3049
 Fax: 1-617-258-8642
 Address: Spoken Language Systems Group
          Laboratory for Computer Science
          Massachusetts Institute of Technology
          Room NE43-601
          Cambridge, MA  02139, USA

.SETUP
 Site: MIT
 Writer motivation: Paid
 Writer physical position: Seated at desk
 Instructions given to the writer: Minimal; printing required;
  capitalize initial letter; no correcting; writing to be
  examined later.
 Prompting: Aural prompts, both string and spelled
 Recognizer feedback: no
 Form layout: large writing area, no guides, minimal left/right bias

.DATA_INFO
 Alphabet: English alphanumerics plus symbols to indicate
           connections, ligatures, embellishments, and pen skips
.PAD
 Machine name: Wacom 648A
 Brand: Wacom
 Type: 648A
 Serial Nr.: 160039
 Sensor: Electromagnetic, wireless pen
 Pen: Untethered, tip switch only
 Driver: Mircosoft Windows for Pen Computing V1.0
 Sampling mode: Using Microsoft Visual Basic 2.0 controls
 Sampling rate: 193 Hz
 Resolution: 0.001 inches/unit
 Accuracy: 0.01 inches
 Display: Backlit LCD screen, 640x480
 Inking: 1 pixel wide black on white
.X_DIM 4975
.Y_DIM 3058
.X_POINTS_PER_INCH 100
.Y_POINTS_PER_INCH 100

.ALPHABET "A" "B" "C" "D" "E" "F" "G"
          "H" "I" "J" "K" "L" "M" "N"
          "O" "P" "Q" "R" "S" "T" "U"
          "V" "W" "X" "Y" "Z"
          "a" "b" "c" "d" "e" "f" "g"
          "h" "i" "j" "k" "l" "m" "n"
          "o" "p" "q" "r" "s" "t" "u"
          "v" "w" "x" "y" "z"
          "0" "1" "2" "3" "4"
          "5" "6" "7" "8" "9"
          "!" "&" "*" "+" 

.WRITER_ID 57
.STYLE PRINTED
.HAND L
.AGE 24
.SEX M
.WRITER_INFO
 Group: Training
 Weight: 140
 Student: Yes
 Where educated: MA
 Home language: English
 Name: David

.COORD X Y T
.HIERARCHY WORD
.SEGMENT WORD 0-12 ? "UNTRANSCRIBED!!!"

.COMMENT Prompt string: ""
.COMMENT Recognizer string: "Welles?,MASS"
.COMMENT Transcriber Comment: "Unchecked and unaligned transcription."

.PEN_DOWN
273 2764 0
273 2764 5
273 2764 10
273 2764 16
273 2775 21
273 2764 26
273 2764 31
273 2775 36
273 2764 42
273 2764 47
273 2775 52
273 2764 57
273 2775 62
273 2775 68
273 2775 73
273 2775 78
273 2764 83
273 2764 89
273 2775 94
273 2775 99
273 2775 104
273 2764 109
273 2775 115
273 2764 120
273 2764 125
273 2775 130
273 2764 135
283 2754 141
294 2733 146
304 2702 151
315 2670 156
325 2650 161
346 2618 167
356 2587 172
356 2577 177
367 2566 182
367 2556 188
377 2556 193
377 2556 198
377 2566 203
388 2587 208
388 2608 214
388 2629 219
388 2650 224
388 2681 229
398 2691 234
398 2691 240
398 2691 245
398 2681 250
408 2660 255
419 2629 260
429 2608 266
440 2577 271
460 2556 276
471 2545 281
481 2545 286
481 2545 292
502 2556 297
523 2577 302
533 2608 307
544 2639 312
554 2660 318
544 2691 323
544 2723 328
533 2733 333
523 2754 339
492 2754 344
.PEN_UP

.PEN_DOWN
617 2629 1977
617 2639 1982
627 2639 1987
648 2639 1993
669 2650 1998
679 2650 2003
690 2670 2008
690 2681 2013
690 2681 2019
690 2681 2024
679 2681 2029
658 2681 2034
648 2670 2040
627 2650 2045
617 2639 2050
617 2618 2055
617 2598 2060
638 2587 2066
658 2566 2071
679 2556 2076
721 2545 2081
731 2545 2086
752 2556 2092
752 2556 2097
752 2556 2102
.PEN_UP

.PEN_DOWN
783 2816 2527
783 2827 2532
783 2785 2537
794 2733 2543
804 2681 2548
815 2650 2553
825 2608 2558
825 2587 2563
825 2556 2569
835 2535 2574
835 2556 2579
.PEN_UP

.PEN_DOWN
877 2816 2911
867 2827 2916
867 2816 2921
877 2795 2927
877 2764 2932
888 2702 2937
898 2660 2942
908 2629 2947
919 2598 2953
940 2556 2958
950 2545 2963
950 2545 2968
.PEN_UP

.PEN_DOWN
1002 2618 3241
1013 2608 3246
1023 2598 3251
1044 2598 3257
1065 2598 3262
1096 2608 3267
1106 2618 3272
1106 2639 3277
1106 2650 3283
1085 2660 3288
1065 2660 3293
1044 2660 3298
1002 2639 3304
992 2608 3309
992 2587 3314
992 2566 3319
1013 2545 3324
1044 2535 3330
1085 2525 3335
1117 2525 3340
1138 2535 3345
1158 2545 3350
1169 2545 3356
.PEN_UP

.PEN_DOWN
1283 2670 3680
1273 2670 3685
1273 2681 3690
1252 2670 3696
1221 2670 3701
1190 2660 3706
1169 2650 3711
1169 2639 3716
1169 2639 3722
1200 2618 3727
1231 2618 3732
1263 2608 3737
1294 2598 3742
1325 2587 3748
1335 2577 3753
1335 2556 3758
1325 2545 3763
1294 2525 3769
1263 2525 3774
1221 2525 3779
1179 2525 3784
1158 2535 3789
1158 2556 3795
.PEN_UP

.PEN_DOWN
1335 2816 4174
1335 2806 4179
1335 2775 4184
1335 2743 4190
1335 2702 4195
1346 2650 4200
1356 2608 4205
1367 2577 4210
1398 2545 4216
1450 2525 4221
1471 2514 4226
1492 2514 4231
1523 2535 4236
1544 2577 4242
1554 2608 4247
1554 2650 4252
1554 2670 4257
1544 2691 4263
1533 2691 4268
1523 2691 4273
1502 2670 4278
1492 2639 4283
1481 2608 4289
1492 2587 4294
1502 2556 4299
1523 2545 4304
1554 2535 4309
1575 2535 4315
1606 2556 4320
1617 2577 4325
1627 2608 4330
1627 2629 4335
1617 2639 4341
1617 2639 4346
1617 2629 4351
1617 2608 4356
1617 2577 4362
1627 2556 4367
1648 2545 4372
1658 2545 4377
1679 2556 4382
1679 2566 4388
1690 2587 4393
1690 2670 4398
1679 2681 4403
1679 2681 4408
1679 2681 4414
1690 2660 4419
1700 2618 4424
1721 2577 4429
1731 2525 4434
1731 2473 4440
1721 2452 4445
1690 2441 4450
1669 2431 4455
1638 2441 4460
1617 2452 4466
1606 2473 4471
1606 2504 4476
1617 2525 4481
1638 2535 4486
1690 2535 4492
1690 2535 4497
.PEN_UP

.PEN_DOWN
1835 2608 6042
1835 2618 6047
1846 2608 6052
1846 2587 6058
1856 2566 6063
1846 2545 6068
1835 2525 6073
1804 2504 6078
1773 2504 6084
.PEN_UP

.PEN_DOWN
1981 2764 6371
1981 2785 6376
1981 2785 6381
1981 2754 6387
1992 2723 6392
1992 2681 6397
1981 2639 6402
1981 2608 6407
1981 2587 6413
1981 2566 6418
1981 2629 6423
1981 2691 6428
1981 2743 6434
1981 2775 6439
1981 2795 6444
1981 2806 6449
1992 2806 6454
2002 2785 6460
2013 2743 6465
2044 2681 6470
2054 2650 6475
2075 2629 6480
2096 2618 6486
2117 2618 6491
2127 2618 6496
2138 2639 6501
2158 2681 6506
2169 2754 6512
2169 2785 6517
2179 2806 6522
2179 2806 6527
2179 2795 6532
2190 2764 6538
2200 2723 6543
2221 2660 6548
2231 2618 6553
2231 2587 6558
2231 2566 6564
2242 2556 6569
2242 2556 6574
.PEN_UP

.PEN_DOWN
2325 2764 7085
2325 2785 7090
2325 2785 7095
2315 2764 7101
2304 2723 7106
2304 2681 7111
2294 2639 7116
2294 2608 7121
2294 2577 7127
2283 2566 7132
2283 2566 7137
2283 2566 7142
2294 2587 7148
2294 2629 7153
2304 2670 7158
2315 2743 7163
2325 2785 7168
2335 2806 7174
2346 2827 7179
2356 2827 7184
2377 2806 7189
2398 2764 7194
2408 2691 7200
2419 2650 7205
2429 2608 7210
2440 2587 7215
2440 2566 7220
.PEN_UP

.PEN_DOWN
2440 2681 7580
2398 2681 7585
2367 2681 7590
2283 2681 7596
.PEN_UP

.PEN_DOWN
2585 2775 7854
2585 2785 7859
2585 2795 7864
2565 2806 7870
2533 2806 7875
2513 2795 7880
2481 2785 7885
2471 2764 7890
2471 2743 7896
2471 2733 7901
2502 2723 7906
2533 2702 7911
2575 2681 7916
2606 2681 7922
2638 2660 7927
2669 2650 7932
2679 2629 7937
2690 2598 7943
2690 2566 7948
2679 2545 7953
2658 2535 7958
2627 2525 7963
2596 2514 7969
2554 2525 7974
2533 2545 7979
2513 2556 7984
2513 2577 7989
.PEN_UP

.PEN_DOWN
2815 2785 8513
2825 2795 8518
2825 2816 8523
2825 2827 8529
2815 2837 8534
2783 2848 8539
2752 2848 8544
2731 2837 8549
2710 2816 8555
2700 2785 8560
2690 2764 8565
2700 2743 8570
2710 2723 8576
2742 2712 8581
2773 2702 8586
2815 2691 8591
2856 2670 8596
2908 2650 8602
2940 2618 8607
2960 2598 8612
2960 2566 8617
2960 2545 8622
2929 2525 8628
2888 2525 8633
2835 2525 8638
2752 2535 8643
2700 2545 8648
2679 2545 8654
.PEN_UP

.COMMENT End of File
