.VERSION 1.0
.COMMENT File s057n04

.COMMENT See "A Comparison of Approaches to On-line
              Handwritten Character Recognition"
             (Rob Kassel, MIT PhD Thesis, 1995)
             for complete specifications and
             benchmarks on this data.

.DATA_SOURCE MIT_LCS_SLS
.DATA_ID MIT_Natural_Handprint_95

.DATA_CONTACT
 Name: Rob Kassel
 Email: rob@goldilocks.lcs.mit.edu
 Phone: 1-617-253-3049
 Fax: 1-617-258-8642
 Address: Spoken Language Systems Group
          Laboratory for Computer Science
          Massachusetts Institute of Technology
          Room NE43-601
          Cambridge, MA  02139, USA

.SETUP
 Site: MIT
 Writer motivation: Paid
 Writer physical position: Seated at desk
 Instructions given to the writer: Minimal; printing required;
  capitalize initial letter; no correcting; writing to be
  examined later.
 Prompting: Aural prompts, both string and spelled
 Recognizer feedback: no
 Form layout: large writing area, no guides, minimal left/right bias

.DATA_INFO
 Alphabet: English alphanumerics plus symbols to indicate
           connections, ligatures, embellishments, and pen skips
.PAD
 Machine name: Wacom 648A
 Brand: Wacom
 Type: 648A
 Serial Nr.: 160039
 Sensor: Electromagnetic, wireless pen
 Pen: Untethered, tip switch only
 Driver: Mircosoft Windows for Pen Computing V1.0
 Sampling mode: Using Microsoft Visual Basic 2.0 controls
 Sampling rate: 193 Hz
 Resolution: 0.001 inches/unit
 Accuracy: 0.01 inches
 Display: Backlit LCD screen, 640x480
 Inking: 1 pixel wide black on white
.X_DIM 4975
.Y_DIM 3058
.X_POINTS_PER_INCH 100
.Y_POINTS_PER_INCH 100

.ALPHABET "A" "B" "C" "D" "E" "F" "G"
          "H" "I" "J" "K" "L" "M" "N"
          "O" "P" "Q" "R" "S" "T" "U"
          "V" "W" "X" "Y" "Z"
          "a" "b" "c" "d" "e" "f" "g"
          "h" "i" "j" "k" "l" "m" "n"
          "o" "p" "q" "r" "s" "t" "u"
          "v" "w" "x" "y" "z"
          "0" "1" "2" "3" "4"
          "5" "6" "7" "8" "9"
          "!" "&" "*" "+" 

.WRITER_ID 57
.STYLE PRINTED
.HAND L
.AGE 24
.SEX M
.WRITER_INFO
 Group: Training
 Weight: 140
 Student: Yes
 Where educated: MA
 Home language: English
 Name: David

.COORD X Y T
.HIERARCHY WORD LETTER
.SEGMENT WORD 0-5 ? "29697"
.SEGMENT LETTER 0 ? "2"
.SEGMENT LETTER 1 ? "9"
.SEGMENT LETTER 2 ? "6"
.SEGMENT LETTER 3 ? "9"
.SEGMENT LETTER 4-5 ? "7"

.COMMENT Prompt string: "29697"
.COMMENT Recognizer string: "2969Z"
.COMMENT Transcriber Comment: ""

.PEN_DOWN
1225 2260 0
1235 2260 5
1235 2250 10
1235 2239 16
1235 2218 21
1215 2198 26
1183 2177 31
1163 2145 36
1121 2114 42
1079 2083 47
1017 2052 52
965 2041 57
933 2020 62
892 2010 68
850 2000 73
819 2000 78
808 2010 83
788 2020 89
777 2052 94
767 2062 99
767 2083 104
777 2104 109
788 2114 115
808 2135 120
829 2145 125
860 2156 130
913 2156 135
944 2156 141
985 2156 146
1006 2145 151
1058 2125 156
1079 2114 161
1100 2093 167
1121 2073 172
1142 2031 177
1142 2000 182
1142 1958 188
1142 1916 193
1142 1864 198
1131 1823 203
1121 1770 208
1090 1718 214
1058 1677 219
1027 1635 224
985 1593 229
933 1531 234
902 1489 240
850 1458 245
808 1427 250
767 1395 255
735 1385 260
715 1385 266
694 1375 271
673 1375 276
673 1385 281
652 1395 286
652 1406 292
642 1427 297
631 1437 302
631 1458 307
642 1479 312
652 1489 318
652 1500 323
673 1520 328
683 1531 333
715 1552 339
725 1552 344
746 1562 349
767 1562 354
777 1562 359
777 1552 365
798 1552 370
798 1541 375
819 1520 380
829 1500 385
850 1479 391
881 1458 396
913 1437 401
933 1416 406
965 1406 411
996 1385 417
1048 1375 422
1079 1364 427
1121 1364 432
1152 1375 438
1173 1385 443
1194 1395 448
.PEN_UP

.PEN_DOWN
1735 2125 2087
1756 2135 2092
1767 2135 2097
1767 2145 2103
1767 2156 2108
1777 2166 2113
1777 2198 2118
1767 2208 2123
1756 2218 2129
1735 2218 2134
1704 2229 2139
1673 2239 2144
1642 2229 2150
1610 2218 2155
1569 2208 2160
1548 2198 2165
1517 2177 2170
1496 2156 2176
1465 2135 2181
1444 2104 2186
1433 2083 2191
1423 2052 2196
1413 2020 2202
1413 2000 2207
1413 1979 2212
1423 1958 2217
1444 1916 2222
1465 1906 2228
1485 1895 2233
1517 1895 2238
1548 1895 2243
1569 1906 2248
1600 1916 2254
1642 1927 2259
1673 1937 2264
1694 1958 2269
1715 1968 2274
1735 2000 2280
1756 2020 2285
1767 2041 2290
1767 2062 2295
1777 2073 2301
1788 2083 2306
1788 2104 2311
1788 2114 2316
1788 2125 2321
1788 2156 2327
1788 2156 2332
1788 2166 2337
1788 2156 2342
1788 2166 2347
1788 2156 2353
1788 2135 2358
1777 2093 2363
1777 2073 2368
1777 2041 2373
1767 2000 2379
1767 1937 2384
1767 1895 2389
1767 1854 2394
1756 1812 2400
1756 1750 2405
1746 1708 2410
1746 1666 2415
1735 1625 2420
1725 1562 2426
1725 1520 2431
1704 1489 2436
1704 1458 2441
1673 1416 2446
1652 1385 2452
1631 1364 2457
1590 1343 2462
1558 1343 2467
1517 1343 2472
1485 1354 2478
1454 1375 2483
1454 1385 2488
1444 1395 2493
.PEN_UP

.PEN_DOWN
2225 2166 3954
2235 2177 3959
2235 2177 3964
2246 2187 3970
2246 2187 3975
2246 2187 3980
2235 2187 3985
2225 2177 3990
2194 2156 3996
2183 2135 4001
2152 2125 4006
2131 2104 4011
2121 2083 4016
2090 2052 4022
2079 2020 4027
2069 2000 4032
2048 1979 4037
2038 1937 4043
2027 1916 4048
2017 1875 4053
2017 1854 4058
2006 1812 4063
2006 1770 4069
2006 1739 4074
1996 1708 4079
1996 1614 4084
2006 1573 4089
2027 1541 4095
2027 1520 4100
2038 1500 4105
2058 1468 4110
2079 1448 4115
2100 1416 4121
2121 1406 4126
2173 1375 4131
2204 1364 4136
2235 1343 4142
2277 1343 4147
2308 1343 4152
2350 1354 4157
2371 1364 4162
2381 1375 4168
2402 1406 4173
2423 1437 4178
2433 1458 4183
2433 1479 4188
2433 1500 4194
2433 1510 4199
2433 1520 4204
2433 1531 4209
2423 1541 4214
2402 1552 4220
2402 1552 4225
2381 1552 4230
2381 1552 4235
2360 1541 4240
2350 1531 4246
2329 1520 4251
2319 1520 4256
2308 1510 4261
2308 1500 4266
2298 1479 4272
2288 1468 4277
2288 1458 4282
2277 1437 4287
2277 1427 4293
2277 1406 4298
2288 1395 4303
2298 1385 4308
2308 1375 4313
2329 1375 4319
2340 1375 4324
2350 1385 4329
.PEN_UP

.PEN_DOWN
2965 2125 5986
2985 2135 5991
3006 2145 5996
3006 2198 6002
2996 2218 6007
2985 2239 6012
2965 2250 6017
2933 2260 6022
2902 2270 6028
2871 2270 6033
2840 2260 6038
2798 2250 6043
2767 2239 6048
2735 2218 6054
2715 2187 6059
2683 2145 6064
2663 2114 6069
2652 2093 6075
2642 2062 6080
2631 2031 6085
2631 1979 6090
2631 1958 6095
2642 1937 6101
2663 1916 6106
2694 1906 6111
2725 1906 6116
2756 1906 6121
2788 1906 6127
2819 1906 6132
2871 1916 6137
2902 1937 6142
2923 1958 6147
2944 1979 6153
2965 2020 6158
2975 2041 6163
2985 2073 6168
2996 2093 6174
3006 2125 6179
3006 2145 6184
3017 2166 6189
3017 2177 6194
3017 2198 6200
3017 2208 6205
3017 2208 6210
3017 2208 6215
3017 2208 6220
3017 2208 6226
3017 2187 6231
3017 2166 6236
3017 2135 6241
3017 2062 6246
3006 2020 6252
3006 1979 6257
3017 1927 6262
3017 1823 6267
3006 1770 6272
3006 1614 6278
3006 1562 6283
3006 1510 6288
2996 1479 6293
2985 1448 6298
2975 1437 6304
2944 1406 6309
2923 1395 6314
2913 1375 6319
2892 1364 6325
2860 1354 6330
2829 1343 6335
2798 1343 6340
2788 1333 6345
2756 1333 6351
2735 1343 6356
2715 1343 6361
2704 1364 6366
2694 1375 6371
2683 1395 6377
2683 1406 6382
.PEN_UP

.PEN_DOWN
3215 2281 7854
3215 2281 7859
3215 2281 7864
3204 2281 7870
3204 2281 7875
3204 2260 7880
3204 2208 7885
3204 2156 7890
3215 2135 7896
3235 2114 7901
3246 2093 7906
3277 2083 7911
3319 2062 7916
3350 2052 7922
3402 2052 7927
3454 2052 7932
3496 2052 7937
3538 2062 7943
3590 2083 7948
3621 2104 7953
3642 2114 7958
3673 2145 7963
3694 2166 7969
3704 2187 7974
3704 2187 7979
3715 2198 7984
3715 2208 7989
3715 2208 7995
3704 2198 8000
3694 2177 8005
3694 2156 8010
3673 2135 8015
3663 2104 8021
3642 2073 8026
3631 2031 8031
3600 1979 8036
3579 1916 8042
3558 1864 8047
3548 1812 8052
3517 1760 8057
3485 1687 8062
3465 1635 8068
3444 1573 8073
3423 1520 8078
3402 1458 8083
3381 1427 8088
3371 1395 8094
3350 1375 8099
3340 1364 8104
3340 1364 8109
3340 1385 8114
3340 1416 8120
.PEN_UP

.PEN_DOWN
3631 1750 9062
3642 1760 9067
3642 1750 9072
3621 1750 9078
3590 1760 9083
3538 1770 9088
3475 1770 9093
3392 1781 9098
3340 1781 9104
3288 1770 9109
.PEN_UP

.COMMENT End of File
