.VERSION 1.0
.COMMENT File s048i08

.COMMENT See "A Comparison of Approaches to On-line
              Handwritten Character Recognition"
             (Rob Kassel, MIT PhD Thesis, 1995)
             for complete specifications and
             benchmarks on this data.

.DATA_SOURCE MIT_LCS_SLS
.DATA_ID MIT_Natural_Handprint_95

.DATA_CONTACT
 Name: Rob Kassel
 Email: rob@goldilocks.lcs.mit.edu
 Phone: 1-617-253-3049
 Fax: 1-617-258-8642
 Address: Spoken Language Systems Group
          Laboratory for Computer Science
          Massachusetts Institute of Technology
          Room NE43-601
          Cambridge, MA  02139, USA

.SETUP
 Site: MIT
 Writer motivation: Paid
 Writer physical position: Seated at desk
 Instructions given to the writer: Minimal; printing required;
  capitalize initial letter; no correcting; writing to be
  examined later.
 Prompting: Aural prompts, both string and spelled
 Recognizer feedback: no
 Form layout: large writing area, no guides, minimal left/right bias

.DATA_INFO
 Alphabet: English alphanumerics plus symbols to indicate
           connections, ligatures, embellishments, and pen skips
.PAD
 Machine name: Wacom 648A
 Brand: Wacom
 Type: 648A
 Serial Nr.: 160039
 Sensor: Electromagnetic, wireless pen
 Pen: Untethered, tip switch only
 Driver: Mircosoft Windows for Pen Computing V1.0
 Sampling mode: Using Microsoft Visual Basic 2.0 controls
 Sampling rate: 193 Hz
 Resolution: 0.001 inches/unit
 Accuracy: 0.01 inches
 Display: Backlit LCD screen, 640x480
 Inking: 1 pixel wide black on white
.X_DIM 4975
.Y_DIM 3058
.X_POINTS_PER_INCH 100
.Y_POINTS_PER_INCH 100

.ALPHABET "A" "B" "C" "D" "E" "F" "G"
          "H" "I" "J" "K" "L" "M" "N"
          "O" "P" "Q" "R" "S" "T" "U"
          "V" "W" "X" "Y" "Z"
          "a" "b" "c" "d" "e" "f" "g"
          "h" "i" "j" "k" "l" "m" "n"
          "o" "p" "q" "r" "s" "t" "u"
          "v" "w" "x" "y" "z"
          "0" "1" "2" "3" "4"
          "5" "6" "7" "8" "9"
          "!" "&" "*" "+" 

.WRITER_ID 48
.STYLE PRINTED
.HAND R
.AGE 28
.SEX M
.WRITER_INFO
 Group: Training
 Weight: 150
 Student: No
 Where educated: NJ
 Home language: English & French
 Name: Mark

.COORD X Y T
.HIERARCHY WORD
.SEGMENT WORD 0-13 ? "UNTRANSCRIBED!!!"

.COMMENT Prompt string: ""
.COMMENT Recognizer string: "Not a nym?r?!"
.COMMENT Transcriber Comment: "Unchecked and unaligned transcription."

.PEN_DOWN
283 2806 0
283 2806 5
283 2806 10
283 2806 16
283 2795 21
273 2795 26
273 2785 31
273 2785 36
273 2775 42
263 2764 47
263 2743 52
252 2733 57
252 2723 62
242 2712 68
242 2702 73
231 2702 78
231 2691 83
231 2691 89
231 2691 94
221 2691 99
221 2691 104
221 2702 109
221 2702 115
231 2712 120
231 2712 125
231 2723 130
231 2723 135
242 2733 141
242 2733 146
252 2743 151
252 2743 156
252 2754 161
252 2754 167
263 2764 172
263 2775 177
263 2775 182
273 2775 188
273 2795 193
273 2795 198
273 2806 203
273 2806 208
273 2816 214
273 2816 219
283 2816 224
283 2806 229
283 2806 234
283 2785 240
283 2775 245
283 2764 250
283 2743 255
283 2712 260
294 2702 266
294 2702 271
304 2702 276
304 2702 281
304 2712 286
304 2723 292
315 2723 297
315 2733 302
325 2743 307
335 2754 312
335 2764 318
346 2775 323
346 2785 328
356 2795 333
356 2806 339
367 2816 344
367 2827 349
367 2827 354
367 2837 359
367 2837 365
377 2837 370
377 2827 375
.PEN_UP

.PEN_DOWN
388 2764 824
388 2764 829
388 2764 834
377 2754 840
367 2754 845
367 2743 850
367 2743 855
367 2733 860
367 2723 866
367 2723 871
377 2712 876
377 2712 881
377 2712 886
388 2712 892
388 2712 897
398 2712 902
408 2723 907
408 2723 913
408 2723 918
419 2733 923
429 2743 928
429 2743 933
429 2764 939
429 2764 944
419 2764 949
419 2775 954
419 2775 959
408 2775 965
398 2775 970
388 2775 975
377 2775 980
.PEN_UP

.PEN_DOWN
544 2806 1373
544 2816 1378
544 2816 1383
544 2816 1389
544 2816 1394
544 2806 1399
544 2795 1404
544 2795 1409
544 2785 1415
533 2785 1420
533 2775 1425
523 2764 1430
523 2764 1436
523 2764 1441
523 2754 1446
523 2754 1451
523 2743 1456
513 2743 1462
513 2743 1467
513 2733 1472
513 2733 1477
513 2733 1482
513 2733 1488
.PEN_UP

.PEN_DOWN
471 2785 1703
523 2785 1708
544 2795 1713
585 2795 1719
585 2785 1724
.PEN_UP

.PEN_DOWN
252 2608 2417
252 2618 2422
242 2618 2427
231 2618 2433
231 2608 2438
221 2608 2443
221 2598 2448
210 2598 2453
200 2587 2459
200 2577 2464
200 2566 2469
200 2566 2474
210 2566 2480
210 2566 2485
210 2566 2490
210 2566 2495
221 2577 2500
231 2577 2506
231 2577 2511
231 2577 2516
242 2587 2521
242 2587 2526
242 2598 2532
242 2598 2537
242 2598 2542
242 2577 2547
242 2566 2552
242 2556 2558
252 2556 2563
252 2545 2568
.PEN_UP

.PEN_DOWN
325 2608 2911
325 2608 2916
325 2608 2921
325 2598 2927
335 2598 2932
335 2587 2937
335 2587 2942
335 2587 2947
335 2587 2953
335 2598 2958
335 2598 2963
335 2598 2968
335 2608 2974
346 2608 2979
356 2608 2984
356 2618 2989
367 2618 2994
367 2618 3000
377 2608 3005
377 2598 3010
367 2587 3015
367 2566 3020
367 2566 3026
367 2556 3031
.PEN_UP

.PEN_DOWN
419 2618 3241
419 2618 3246
419 2618 3251
419 2618 3257
419 2618 3262
419 2608 3267
419 2608 3272
419 2587 3277
429 2587 3283
429 2577 3288
429 2577 3293
429 2577 3298
.PEN_UP

.PEN_DOWN
481 2629 3460
481 2629 3465
481 2629 3470
481 2629 3476
471 2618 3481
471 2618 3486
471 2608 3491
471 2608 3496
450 2587 3502
440 2577 3507
440 2566 3512
429 2556 3517
429 2545 3522
408 2545 3528
408 2535 3533
408 2535 3538
398 2525 3543
398 2514 3549
398 2514 3554
398 2514 3559
.PEN_UP

.PEN_DOWN
554 2618 3735
544 2618 3740
544 2608 3745
544 2598 3751
544 2598 3756
533 2598 3761
533 2587 3766
533 2587 3771
533 2587 3777
533 2577 3782
533 2577 3787
533 2577 3792
533 2587 3798
544 2587 3803
544 2587 3808
544 2587 3813
544 2598 3818
554 2598 3824
554 2598 3829
565 2598 3834
565 2608 3839
565 2608 3844
575 2618 3850
575 2618 3855
575 2618 3860
585 2618 3865
585 2598 3870
585 2598 3876
585 2598 3881
596 2598 3886
596 2598 3891
596 2608 3896
606 2608 3902
606 2608 3907
617 2618 3912
627 2618 3917
627 2618 3922
627 2618 3928
638 2618 3933
638 2618 3938
638 2598 3943
638 2598 3949
638 2587 3954
638 2587 3959
627 2577 3964
627 2566 3969
.PEN_UP

.PEN_DOWN
700 2608 4284
700 2608 4289
690 2608 4294
690 2598 4300
690 2598 4305
690 2598 4310
679 2598 4315
679 2587 4320
679 2577 4326
679 2577 4331
679 2566 4336
679 2566 4341
690 2566 4346
700 2566 4352
700 2566 4357
700 2566 4362
700 2566 4367
710 2577 4373
721 2577 4378
721 2587 4383
721 2587 4388
731 2587 4393
731 2598 4399
721 2598 4404
721 2598 4409
721 2608 4414
710 2608 4419
710 2608 4425
690 2608 4430
690 2608 4435
.PEN_UP

.PEN_DOWN
773 2608 4669
773 2608 4674
763 2598 4679
763 2577 4685
763 2577 4690
763 2577 4695
763 2566 4700
763 2566 4705
763 2577 4711
763 2577 4716
763 2577 4721
763 2587 4726
763 2587 4732
773 2587 4737
773 2598 4742
783 2598 4747
783 2608 4752
783 2608 4758
783 2608 4763
794 2618 4768
804 2618 4773
804 2629 4778
804 2629 4784
.PEN_UP

.PEN_DOWN
825 2587 4943
825 2587 4948
835 2598 4953
835 2598 4959
846 2598 4964
856 2598 4969
856 2608 4974
877 2608 4979
877 2608 4985
877 2618 4990
877 2618 4995
877 2618 5000
877 2629 5006
877 2629 5011
877 2639 5016
867 2639 5021
856 2639 5026
846 2629 5032
835 2629 5037
835 2629 5042
835 2618 5047
825 2618 5052
815 2608 5058
815 2608 5063
815 2598 5068
815 2577 5073
815 2566 5078
815 2566 5084
835 2566 5089
846 2566 5094
846 2577 5099
846 2577 5104
856 2587 5110
867 2587 5115
.PEN_UP

.PEN_DOWN
971 2743 5328
971 2754 5333
971 2754 5338
971 2733 5344
971 2733 5349
971 2723 5354
960 2702 5359
960 2691 5364
960 2681 5370
950 2670 5375
950 2660 5380
950 2650 5385
950 2650 5390
950 2639 5396
.PEN_UP

.PEN_DOWN
929 2587 5548
929 2587 5553
929 2577 5558
929 2577 5564
929 2577 5569
.PEN_UP

.COMMENT End of File
