.VERSION 1.0
.COMMENT File s048i02

.COMMENT See "A Comparison of Approaches to On-line
              Handwritten Character Recognition"
             (Rob Kassel, MIT PhD Thesis, 1995)
             for complete specifications and
             benchmarks on this data.

.DATA_SOURCE MIT_LCS_SLS
.DATA_ID MIT_Natural_Handprint_95

.DATA_CONTACT
 Name: Rob Kassel
 Email: rob@goldilocks.lcs.mit.edu
 Phone: 1-617-253-3049
 Fax: 1-617-258-8642
 Address: Spoken Language Systems Group
          Laboratory for Computer Science
          Massachusetts Institute of Technology
          Room NE43-601
          Cambridge, MA  02139, USA

.SETUP
 Site: MIT
 Writer motivation: Paid
 Writer physical position: Seated at desk
 Instructions given to the writer: Minimal; printing required;
  capitalize initial letter; no correcting; writing to be
  examined later.
 Prompting: Aural prompts, both string and spelled
 Recognizer feedback: no
 Form layout: large writing area, no guides, minimal left/right bias

.DATA_INFO
 Alphabet: English alphanumerics plus symbols to indicate
           connections, ligatures, embellishments, and pen skips
.PAD
 Machine name: Wacom 648A
 Brand: Wacom
 Type: 648A
 Serial Nr.: 160039
 Sensor: Electromagnetic, wireless pen
 Pen: Untethered, tip switch only
 Driver: Mircosoft Windows for Pen Computing V1.0
 Sampling mode: Using Microsoft Visual Basic 2.0 controls
 Sampling rate: 193 Hz
 Resolution: 0.001 inches/unit
 Accuracy: 0.01 inches
 Display: Backlit LCD screen, 640x480
 Inking: 1 pixel wide black on white
.X_DIM 4975
.Y_DIM 3058
.X_POINTS_PER_INCH 100
.Y_POINTS_PER_INCH 100

.ALPHABET "A" "B" "C" "D" "E" "F" "G"
          "H" "I" "J" "K" "L" "M" "N"
          "O" "P" "Q" "R" "S" "T" "U"
          "V" "W" "X" "Y" "Z"
          "a" "b" "c" "d" "e" "f" "g"
          "h" "i" "j" "k" "l" "m" "n"
          "o" "p" "q" "r" "s" "t" "u"
          "v" "w" "x" "y" "z"
          "0" "1" "2" "3" "4"
          "5" "6" "7" "8" "9"
          "!" "&" "*" "+" 

.WRITER_ID 48
.STYLE PRINTED
.HAND R
.AGE 28
.SEX M
.WRITER_INFO
 Group: Training
 Weight: 150
 Student: No
 Where educated: NJ
 Home language: English & French
 Name: Mark

.COORD X Y T
.HIERARCHY WORD
.SEGMENT WORD 0-15 ? "UNTRANSCRIBED!!!"

.COMMENT Prompt string: ""
.COMMENT Recognizer string: "Wes Caldwell, N J"
.COMMENT Transcriber Comment: "Unchecked and unaligned transcription."

.PEN_DOWN
492 2743 0
492 2743 5
492 2743 10
492 2723 16
492 2712 21
492 2712 26
492 2650 31
502 2650 36
502 2608 42
502 2598 47
502 2587 52
502 2587 57
513 2587 62
513 2587 68
513 2598 73
523 2608 78
533 2618 83
533 2618 89
544 2629 94
554 2639 99
554 2650 104
565 2660 109
575 2670 115
575 2670 120
575 2681 125
575 2681 130
585 2691 135
585 2691 141
596 2702 146
596 2691 151
596 2691 156
596 2660 161
596 2660 167
596 2650 172
596 2650 177
596 2639 182
606 2629 188
606 2629 193
606 2629 198
606 2629 203
617 2618 208
617 2608 214
617 2608 219
617 2618 224
627 2629 229
638 2629 234
648 2639 240
648 2650 245
658 2660 250
669 2670 255
669 2691 260
669 2702 266
669 2712 271
679 2723 276
679 2733 281
690 2743 286
690 2775 292
690 2775 297
690 2775 302
700 2775 307
700 2785 312
.PEN_UP

.PEN_DOWN
763 2639 1923
763 2639 1928
763 2639 1933
763 2639 1939
763 2639 1944
773 2629 1949
773 2629 1954
804 2629 1959
804 2629 1965
804 2629 1970
815 2639 1975
815 2639 1980
815 2639 1986
815 2660 1991
815 2660 1996
804 2660 2001
804 2670 2006
794 2670 2012
783 2670 2017
783 2670 2022
773 2660 2027
773 2660 2032
773 2650 2038
763 2650 2043
763 2639 2048
752 2639 2053
752 2629 2058
752 2608 2064
752 2608 2069
752 2598 2074
752 2598 2079
752 2587 2084
763 2587 2090
763 2587 2095
.PEN_UP

.PEN_DOWN
908 2660 2362
908 2660 2367
888 2660 2372
877 2660 2378
877 2650 2383
867 2650 2388
867 2650 2393
867 2650 2398
867 2650 2404
856 2650 2409
856 2639 2414
867 2639 2419
867 2639 2424
867 2639 2430
877 2629 2435
877 2629 2440
888 2629 2445
888 2618 2451
888 2618 2456
898 2608 2461
898 2608 2466
898 2598 2471
898 2587 2477
898 2577 2482
888 2566 2487
888 2566 2492
877 2566 2497
867 2566 2503
846 2566 2508
846 2577 2513
.PEN_UP

.PEN_DOWN
1179 2743 2966
1179 2743 2971
1179 2743 2976
1169 2743 2982
1169 2743 2987
1169 2754 2992
1148 2754 2997
1138 2743 3002
1117 2743 3008
1117 2733 3013
1106 2733 3018
1096 2723 3023
1085 2712 3028
1085 2712 3034
1075 2702 3039
1065 2691 3044
1054 2681 3049
1044 2670 3055
1044 2650 3060
1033 2629 3065
1033 2629 3070
1033 2587 3075
1033 2577 3081
1033 2577 3086
1044 2577 3091
1044 2566 3096
1054 2566 3101
1065 2566 3107
1106 2566 3112
.PEN_UP

.PEN_DOWN
1252 2608 3406
1252 2608 3411
1252 2618 3416
1252 2618 3422
1242 2618 3427
1242 2629 3432
1242 2629 3437
1242 2629 3442
1210 2629 3448
1210 2629 3453
1200 2618 3458
1190 2608 3463
1190 2608 3468
1190 2608 3474
1179 2598 3479
1179 2587 3484
1169 2587 3489
1169 2577 3495
1179 2577 3500
1179 2566 3505
1190 2566 3510
1200 2566 3515
1200 2577 3521
1200 2577 3526
1210 2577 3531
1221 2577 3536
1221 2587 3541
1231 2587 3547
1231 2587 3552
1231 2598 3557
1231 2598 3562
1231 2556 3567
1242 2556 3573
.PEN_UP

.PEN_DOWN
1325 2764 3845
1325 2764 3850
1325 2754 3855
1315 2743 3861
1315 2723 3866
1315 2712 3871
1315 2702 3876
1304 2681 3881
1304 2660 3887
1304 2650 3892
1294 2639 3897
1294 2618 3902
1294 2608 3908
1294 2587 3913
1283 2577 3918
1283 2566 3923
1273 2556 3928
1273 2535 3934
.PEN_UP

.PEN_DOWN
1419 2618 4120
1419 2618 4125
1388 2618 4130
1377 2608 4136
1377 2608 4141
1367 2608 4146
1367 2608 4151
1356 2598 4156
1346 2598 4162
1346 2587 4167
1335 2587 4172
1335 2577 4177
1325 2566 4182
1325 2566 4188
1325 2566 4193
1325 2566 4198
1325 2556 4203
1325 2545 4209
1325 2545 4214
1325 2545 4219
1335 2545 4224
1346 2545 4229
1356 2545 4235
1356 2556 4240
1367 2556 4245
1377 2566 4250
1377 2577 4255
.PEN_UP

.PEN_DOWN
1388 2795 4394
1388 2795 4399
1388 2795 4404
1388 2775 4410
1388 2754 4415
1388 2733 4420
1388 2723 4425
1398 2712 4430
1398 2691 4436
1398 2681 4441
1398 2639 4446
1398 2629 4451
1398 2577 4456
1398 2566 4462
1398 2566 4467
1398 2545 4472
.PEN_UP

.PEN_DOWN
1471 2608 4724
1471 2618 4729
1471 2608 4734
1471 2608 4740
1471 2566 4745
1471 2556 4750
1471 2556 4755
1471 2556 4760
1471 2556 4766
1481 2556 4771
1481 2566 4776
1481 2566 4781
1492 2566 4786
1492 2577 4792
1502 2577 4797
1502 2577 4802
1513 2587 4807
1513 2587 4813
1513 2587 4818
1513 2577 4823
1513 2577 4828
1513 2577 4833
1513 2566 4839
1523 2566 4844
1523 2566 4849
1533 2566 4854
1533 2566 4859
1544 2577 4865
1544 2587 4870
1554 2598 4875
1554 2598 4880
1554 2608 4885
1554 2608 4891
1565 2608 4896
1565 2608 4901
.PEN_UP

.PEN_DOWN
1606 2598 5218
1606 2598 5223
1617 2598 5228
1638 2598 5234
1638 2598 5239
1648 2598 5244
1648 2598 5249
1658 2608 5254
1658 2608 5260
1669 2608 5265
1669 2608 5270
1669 2618 5275
1669 2618 5280
1669 2629 5286
1669 2629 5291
1669 2629 5296
1669 2629 5301
1658 2629 5307
1648 2629 5312
1638 2629 5317
1638 2629 5322
1627 2618 5327
1627 2608 5333
1617 2608 5338
1617 2598 5343
1606 2598 5348
1606 2587 5353
1606 2577 5359
1606 2545 5364
1606 2545 5369
1617 2545 5374
1627 2535 5379
1658 2535 5385
.PEN_UP

.PEN_DOWN
1783 2743 5603
1783 2743 5608
1783 2743 5613
1783 2723 5619
1783 2712 5624
1783 2702 5629
1773 2691 5634
1773 2681 5639
1773 2670 5645
1763 2629 5650
1763 2618 5655
1752 2608 5660
1752 2587 5666
1742 2577 5671
1742 2577 5676
1742 2566 5681
.PEN_UP

.PEN_DOWN
1867 2754 5822
1856 2754 5827
1856 2754 5832
1856 2743 5838
1856 2723 5843
1856 2712 5848
1856 2702 5853
1846 2691 5858
1846 2670 5864
1846 2660 5869
1846 2639 5874
1835 2629 5879
1835 2618 5884
1835 2608 5890
1825 2598 5895
1825 2587 5900
1825 2556 5905
1825 2556 5911
.PEN_UP

.PEN_DOWN
1950 2587 7141
1950 2587 7146
1960 2577 7151
1960 2566 7157
1960 2566 7162
1960 2556 7167
1960 2525 7172
1960 2504 7177
1960 2493 7183
.PEN_UP

.PEN_DOWN
2304 2712 7635
2304 2712 7640
2304 2691 7645
2294 2681 7651
2294 2670 7656
2294 2660 7661
2294 2650 7666
2294 2639 7671
2283 2629 7677
2283 2618 7682
2283 2608 7687
2283 2598 7692
2283 2598 7698
2283 2608 7703
2283 2618 7708
2283 2629 7713
2283 2639 7718
2283 2650 7724
2283 2660 7729
2283 2702 7734
2294 2702 7739
2294 2723 7744
2294 2733 7750
2294 2743 7755
2294 2743 7760
2304 2743 7765
2304 2743 7770
2304 2743 7776
2304 2733 7781
2304 2723 7786
2304 2723 7791
2304 2723 7796
2304 2712 7802
2315 2702 7807
2315 2691 7812
2315 2681 7817
2315 2660 7822
2325 2660 7828
2325 2650 7833
2325 2650 7838
2335 2650 7843
2335 2650 7849
2335 2639 7854
2346 2639 7859
2346 2650 7864
2356 2650 7869
2356 2650 7875
2367 2650 7880
2367 2660 7885
2377 2670 7890
2388 2681 7895
2388 2681 7901
2398 2702 7906
2398 2702 7911
2408 2712 7916
2419 2733 7921
2429 2743 7927
2429 2754 7932
2429 2754 7937
2429 2764 7942
2429 2764 7948
2429 2775 7953
2429 2764 7958
.PEN_UP

.PEN_DOWN
2690 2723 8404
2690 2723 8409
2690 2723 8414
2690 2723 8420
2690 2702 8425
2690 2702 8430
2690 2608 8435
2690 2608 8440
2690 2587 8446
2679 2587 8451
2679 2587 8456
2669 2587 8461
2638 2587 8466
2627 2587 8472
2617 2587 8477
2606 2598 8482
2596 2598 8487
2596 2608 8493
2585 2608 8498
2585 2608 8503
2585 2618 8508
2585 2618 8513
.PEN_UP

.PEN_DOWN
2596 2733 8843
2585 2743 8848
2575 2743 8853
2575 2743 8859
2575 2743 8864
2596 2743 8869
2606 2733 8874
2617 2733 8879
2690 2733 8885
2700 2743 8890
2742 2743 8895
2752 2743 8900
2773 2743 8906
2804 2743 8911
2815 2743 8916
2825 2743 8921
2835 2754 8926
2846 2754 8932
2856 2754 8937
2846 2754 8942
2846 2743 8947
2846 2743 8952
2846 2743 8958
2835 2743 8963
.PEN_UP

.COMMENT End of File
