.VERSION 1.0
.COMMENT File s019i02

.COMMENT See "A Comparison of Approaches to On-line
              Handwritten Character Recognition"
             (Rob Kassel, MIT PhD Thesis, 1995)
             for complete specifications and
             benchmarks on this data.

.DATA_SOURCE MIT_LCS_SLS
.DATA_ID MIT_Natural_Handprint_95

.DATA_CONTACT
 Name: Rob Kassel
 Email: rob@goldilocks.lcs.mit.edu
 Phone: 1-617-253-3049
 Fax: 1-617-258-8642
 Address: Spoken Language Systems Group
          Laboratory for Computer Science
          Massachusetts Institute of Technology
          Room NE43-601
          Cambridge, MA  02139, USA

.SETUP
 Site: MIT
 Writer motivation: Paid
 Writer physical position: Seated at desk
 Instructions given to the writer: Minimal; printing required;
  capitalize initial letter; no correcting; writing to be
  examined later.
 Prompting: Aural prompts, both string and spelled
 Recognizer feedback: no
 Form layout: large writing area, no guides, minimal left/right bias

.DATA_INFO
 Alphabet: English alphanumerics plus symbols to indicate
           connections, ligatures, embellishments, and pen skips
.PAD
 Machine name: Wacom 648A
 Brand: Wacom
 Type: 648A
 Serial Nr.: 160039
 Sensor: Electromagnetic, wireless pen
 Pen: Untethered, tip switch only
 Driver: Mircosoft Windows for Pen Computing V1.0
 Sampling mode: Using Microsoft Visual Basic 2.0 controls
 Sampling rate: 193 Hz
 Resolution: 0.001 inches/unit
 Accuracy: 0.01 inches
 Display: Backlit LCD screen, 640x480
 Inking: 1 pixel wide black on white
.X_DIM 4975
.Y_DIM 3058
.X_POINTS_PER_INCH 100
.Y_POINTS_PER_INCH 100

.ALPHABET "A" "B" "C" "D" "E" "F" "G"
          "H" "I" "J" "K" "L" "M" "N"
          "O" "P" "Q" "R" "S" "T" "U"
          "V" "W" "X" "Y" "Z"
          "a" "b" "c" "d" "e" "f" "g"
          "h" "i" "j" "k" "l" "m" "n"
          "o" "p" "q" "r" "s" "t" "u"
          "v" "w" "x" "y" "z"
          "0" "1" "2" "3" "4"
          "5" "6" "7" "8" "9"
          "!" "&" "*" "+" 

.WRITER_ID 19
.STYLE PRINTED
.HAND L
.AGE 25
.SEX M
.WRITER_INFO
 Group: Training
 Weight: 195
 Student: No
 Where educated: MA
 Home language: English
 Name: Mark

.COORD X Y T
.HIERARCHY WORD
.SEGMENT WORD 0-11 ? "UNTRANSCRIBED!!!"

.COMMENT Prompt string: ""
.COMMENT Recognizer string: "Boston Mass"
.COMMENT Transcriber Comment: "Unchecked and unaligned transcription."

.PEN_DOWN
325 2723 0
325 2723 5
325 2723 10
325 2723 16
335 2723 21
335 2723 26
335 2691 31
335 2660 36
346 2618 42
356 2577 47
356 2545 52
356 2535 57
367 2525 62
356 2535 68
356 2535 73
.PEN_UP

.PEN_DOWN
315 2733 659
304 2733 664
304 2733 669
294 2743 675
294 2743 680
304 2754 685
325 2764 690
356 2775 695
408 2775 701
419 2764 706
429 2754 711
429 2743 716
419 2723 722
408 2712 727
388 2681 732
377 2681 737
356 2670 742
335 2670 748
325 2660 753
325 2660 758
388 2660 763
429 2660 768
450 2650 774
471 2629 779
481 2618 784
471 2587 789
460 2566 794
440 2545 800
429 2535 805
388 2525 810
356 2525 815
335 2535 820
315 2535 826
.PEN_UP

.PEN_DOWN
565 2618 1538
565 2629 1543
554 2629 1548
533 2629 1554
513 2618 1559
492 2598 1564
492 2587 1569
492 2566 1574
513 2556 1580
523 2545 1585
544 2545 1590
565 2545 1595
585 2566 1600
585 2587 1606
585 2608 1611
575 2618 1616
554 2629 1621
544 2629 1627
533 2629 1632
533 2629 1637
.PEN_UP

.PEN_DOWN
700 2660 2087
700 2660 2092
700 2670 2097
690 2670 2103
679 2670 2108
658 2660 2113
627 2660 2118
617 2639 2123
617 2629 2129
606 2629 2134
617 2618 2139
638 2618 2144
690 2618 2150
710 2608 2155
721 2598 2160
721 2587 2165
710 2566 2170
690 2556 2176
669 2545 2181
648 2545 2186
627 2545 2191
617 2545 2196
.PEN_UP

.PEN_DOWN
783 2764 2636
783 2764 2641
783 2754 2646
783 2733 2652
783 2702 2657
783 2650 2662
783 2587 2667
783 2566 2672
783 2556 2678
.PEN_UP

.PEN_DOWN
742 2639 2911
742 2639 2916
752 2639 2921
763 2639 2927
783 2650 2932
835 2650 2937
.PEN_UP

.PEN_DOWN
908 2650 3186
898 2650 3191
877 2639 3196
867 2629 3202
856 2618 3207
856 2608 3212
856 2587 3217
856 2577 3222
877 2566 3228
898 2566 3233
908 2577 3238
919 2598 3243
929 2618 3248
919 2639 3254
908 2650 3259
898 2660 3264
.PEN_UP

.PEN_DOWN
992 2660 3625
992 2660 3630
992 2660 3635
992 2650 3641
981 2629 3646
981 2618 3651
981 2587 3656
992 2566 3661
992 2566 3667
992 2566 3672
981 2577 3677
981 2577 3682
981 2598 3688
981 2608 3693
992 2629 3698
1002 2650 3703
1023 2660 3708
1033 2660 3714
1044 2660 3719
1054 2660 3724
1065 2650 3729
1075 2639 3734
1075 2618 3740
1085 2587 3745
1085 2566 3750
1096 2545 3755
1096 2545 3760
1096 2545 3766
.PEN_UP

.PEN_DOWN
1367 2754 5410
1367 2775 5415
1367 2775 5420
1367 2764 5426
1367 2743 5431
1377 2733 5436
1377 2691 5441
1388 2639 5446
1388 2608 5452
1388 2566 5457
1398 2556 5462
1398 2545 5467
1398 2545 5472
1388 2566 5478
1388 2598 5483
1388 2639 5488
1388 2712 5493
1388 2754 5499
1388 2775 5504
1388 2785 5509
1388 2785 5514
1398 2785 5519
1398 2764 5525
1408 2743 5530
1419 2733 5535
1450 2712 5540
1471 2691 5545
1481 2691 5551
1502 2691 5556
1533 2733 5561
1554 2764 5566
1565 2795 5571
1575 2816 5577
1585 2827 5582
1585 2816 5587
1585 2816 5592
1585 2723 5598
1585 2670 5603
1585 2608 5608
1585 2556 5613
1596 2535 5618
1596 2525 5624
1596 2525 5629
1596 2535 5634
.PEN_UP

.PEN_DOWN
1648 2650 6453
1648 2650 6458
1648 2660 6463
1648 2650 6469
1638 2650 6474
1638 2650 6479
1648 2650 6484
1648 2660 6489
1658 2670 6495
1679 2681 6500
1690 2681 6505
1700 2681 6510
1710 2681 6516
1721 2660 6521
1721 2629 6526
1721 2618 6531
1721 2598 6536
1721 2587 6542
1721 2587 6547
1721 2577 6552
1721 2566 6557
1721 2556 6562
1721 2556 6568
1721 2525 6573
1721 2535 6578
1721 2545 6583
1710 2556 6588
1700 2577 6594
1690 2598 6599
1669 2598 6604
1658 2608 6609
1658 2598 6614
1648 2587 6620
1648 2566 6625
1648 2556 6630
1648 2535 6635
1669 2525 6640
1690 2514 6646
1700 2525 6651
1710 2525 6656
.PEN_UP

.PEN_DOWN
1856 2650 7607
1856 2660 7612
1856 2660 7617
1856 2660 7623
1846 2670 7628
1835 2670 7633
1815 2670 7638
1783 2660 7643
1763 2650 7649
1763 2639 7654
1763 2629 7659
1763 2618 7664
1773 2618 7670
1794 2618 7675
1825 2608 7680
1846 2608 7685
1867 2598 7690
1867 2556 7696
1835 2535 7701
1804 2525 7706
1783 2535 7711
1773 2545 7716
1773 2545 7722
.PEN_UP

.PEN_DOWN
1992 2691 8211
1992 2691 8216
1992 2691 8221
1981 2691 8227
1971 2702 8232
1960 2702 8237
1940 2702 8242
1919 2691 8247
1908 2670 8253
1898 2660 8258
1888 2650 8263
1888 2639 8268
1888 2639 8274
1898 2629 8279
1908 2629 8284
1940 2629 8289
1960 2618 8294
1981 2608 8300
1992 2598 8305
1981 2577 8310
1971 2566 8315
1950 2545 8320
1929 2545 8326
1908 2545 8331
1898 2556 8336
1898 2566 8341
.PEN_UP

.COMMENT End of File
