.VERSION 1.0
.COMMENT File s145w48

.COMMENT See "A Comparison of Approaches to On-line
              Handwritten Character Recognition"
             (Rob Kassel, MIT PhD Thesis, 1995)
             for complete specifications and
             benchmarks on this data.

.DATA_SOURCE MIT_LCS_SLS
.DATA_ID MIT_Natural_Handprint_95

.DATA_CONTACT
 Name: Rob Kassel
 Email: rob@goldilocks.lcs.mit.edu
 Phone: 1-617-253-3049
 Fax: 1-617-258-8642
 Address: Spoken Language Systems Group
          Laboratory for Computer Science
          Massachusetts Institute of Technology
          Room NE43-601
          Cambridge, MA  02139, USA

.SETUP
 Site: MIT
 Writer motivation: Paid
 Writer physical position: Seated at desk
 Instructions given to the writer: Minimal; printing required;
  capitalize initial letter; no correcting; writing to be
  examined later.
 Prompting: Aural prompts, both string and spelled
 Recognizer feedback: no
 Form layout: large writing area, no guides, minimal left/right bias

.DATA_INFO
 Alphabet: English alphanumerics plus symbols to indicate
           connections, ligatures, embellishments, and pen skips
.PAD
 Machine name: Wacom 648A
 Brand: Wacom
 Type: 648A
 Serial Nr.: 160039
 Sensor: Electromagnetic, wireless pen
 Pen: Untethered, tip switch only
 Driver: Mircosoft Windows for Pen Computing V1.0
 Sampling mode: Using Microsoft Visual Basic 2.0 controls
 Sampling rate: 193 Hz
 Resolution: 0.001 inches/unit
 Accuracy: 0.01 inches
 Display: Backlit LCD screen, 640x480
 Inking: 1 pixel wide black on white
.X_DIM 4975
.Y_DIM 3058
.X_POINTS_PER_INCH 100
.Y_POINTS_PER_INCH 100

.ALPHABET "A" "B" "C" "D" "E" "F" "G"
          "H" "I" "J" "K" "L" "M" "N"
          "O" "P" "Q" "R" "S" "T" "U"
          "V" "W" "X" "Y" "Z"
          "a" "b" "c" "d" "e" "f" "g"
          "h" "i" "j" "k" "l" "m" "n"
          "o" "p" "q" "r" "s" "t" "u"
          "v" "w" "x" "y" "z"
          "0" "1" "2" "3" "4"
          "5" "6" "7" "8" "9"
          "!" "&" "*" "+" 

.WRITER_ID 145
.STYLE PRINTED
.HAND R
.AGE 19
.SEX M
.WRITER_INFO
 Group: Evaluation
 Weight: 150
 Student: Yes
 Where educated: TX
 Home language: English & Chinese
 Name: Alexander

.COORD X Y T
.HIERARCHY WORD LETTER
.SEGMENT WORD 0-3 ? "Lump"
.SEGMENT LETTER 0 ? "L"
.SEGMENT LETTER 1 ? "u"
.SEGMENT LETTER 2 ? "m"
.SEGMENT LETTER 3 ? "p"

.COMMENT Prompt string: "Lump"
.COMMENT Recognizer string: "Lump"
.COMMENT Transcriber Comment: ""

.PEN_DOWN
267 2093 0
256 2093 5
256 2093 10
256 2114 16
256 2114 21
256 2114 26
256 2125 31
267 2125 36
267 2114 42
267 2104 47
277 2104 52
277 2093 57
277 2083 62
288 2073 68
288 2041 73
298 2020 78
298 2000 83
308 1979 89
308 1948 94
308 1916 99
319 1895 104
319 1864 109
329 1833 115
329 1812 120
340 1770 125
350 1698 130
350 1666 135
350 1635 141
360 1604 146
371 1562 151
371 1531 156
371 1500 161
371 1468 167
371 1427 172
381 1395 177
381 1354 182
392 1312 188
392 1239 193
413 1156 198
423 1114 203
433 1073 208
444 1031 214
454 1000 219
454 968 224
475 937 229
485 875 234
496 843 240
506 802 245
517 770 250
527 750 255
527 729 260
538 708 266
538 687 271
548 677 276
548 666 281
548 645 286
548 635 292
548 614 297
558 593 302
558 583 307
558 573 312
558 562 318
558 562 323
558 562 328
569 552 333
569 552 339
569 552 344
579 541 349
590 541 354
590 541 359
600 541 365
652 541 370
673 541 375
683 552 380
694 552 385
715 562 391
746 573 396
767 573 401
788 583 406
808 593 411
829 604 417
850 614 422
881 625 427
913 635 432
933 645 438
954 645 443
985 656 448
1027 666 453
1058 677 458
1090 677 464
1110 687 469
1142 698 474
1163 708 479
1183 718 484
1204 729 490
1225 739 495
1246 750 500
1267 760 505
1288 770 510
1298 781 516
1329 802 521
1340 802 526
1350 812 531
1350 812 536
1360 812 542
1360 812 547
1360 823 552
1360 823 557
1350 823 562
1350 833 568
1350 843 573
1350 885 578
.PEN_UP

.PEN_DOWN
1256 1843 933
1246 1854 938
1235 1864 943
1235 1875 949
1235 1875 954
1225 1875 959
1225 1875 964
1215 1885 969
1215 1885 975
1215 1875 980
1225 1875 985
1235 1833 990
1235 1802 996
1246 1781 1001
1246 1739 1006
1256 1708 1011
1256 1677 1016
1267 1635 1022
1277 1604 1027
1288 1562 1032
1298 1531 1037
1298 1489 1042
1308 1458 1048
1340 1385 1053
1340 1343 1058
1350 1312 1063
1360 1291 1068
1371 1260 1074
1381 1239 1079
1392 1218 1084
1392 1198 1089
1402 1166 1094
1423 1145 1100
1433 1125 1105
1433 1093 1110
1454 1083 1115
1454 1062 1120
1465 1052 1126
1475 1031 1131
1475 1031 1136
1485 1020 1141
1485 1020 1147
1485 1010 1152
1485 1010 1157
1496 1010 1162
1496 1000 1167
1506 1000 1173
1506 989 1178
1506 989 1183
1506 979 1188
1506 968 1193
1506 968 1199
1506 968 1204
1506 968 1209
1506 968 1214
1506 968 1219
1506 958 1225
1517 958 1230
1517 948 1235
1517 948 1240
1517 948 1246
1517 948 1251
1517 937 1256
1517 937 1261
1517 937 1266
1517 937 1272
1517 937 1277
1527 937 1282
1527 937 1287
1527 927 1292
1527 927 1298
1527 927 1303
1527 927 1308
1538 916 1313
1538 916 1318
1538 916 1324
1558 916 1329
1558 906 1334
1558 906 1339
1558 906 1344
1569 906 1350
1579 906 1355
1590 906 1360
1600 895 1365
1642 895 1370
1652 895 1376
1673 906 1381
1683 906 1386
1683 916 1391
1694 927 1397
1704 927 1402
1725 948 1407
1735 948 1412
1746 958 1417
1756 968 1423
1756 979 1428
1767 989 1433
1788 1000 1438
1788 1010 1443
1798 1020 1449
1808 1031 1454
1819 1041 1459
1819 1052 1464
1829 1073 1469
1829 1083 1475
1840 1104 1480
1840 1125 1485
1850 1145 1490
1850 1166 1496
1850 1218 1501
1850 1291 1506
1850 1323 1511
1850 1343 1516
1850 1364 1522
1840 1395 1527
1840 1427 1532
1840 1448 1537
1840 1500 1542
1829 1531 1548
1829 1562 1553
1829 1593 1558
1829 1614 1563
1819 1645 1568
1819 1666 1574
1808 1687 1579
1808 1718 1584
1798 1739 1589
1788 1760 1594
1788 1770 1600
1788 1770 1605
1777 1781 1610
1777 1781 1615
1777 1781 1620
1767 1781 1626
1767 1781 1631
1767 1781 1636
1777 1770 1641
1777 1770 1647
.PEN_UP

.PEN_DOWN
2079 1437 2416
2079 1468 2421
2090 1468 2426
2090 1458 2432
2090 1458 2437
2090 1448 2442
2090 1437 2447
2100 1416 2452
2100 1406 2458
2100 1364 2463
2100 1333 2468
2110 1312 2473
2110 1291 2478
2110 1270 2484
2121 1250 2489
2121 1208 2494
2131 1166 2499
2131 1156 2505
2131 1135 2510
2131 1125 2515
2131 1114 2520
2142 1093 2525
2142 1093 2531
2142 1083 2536
2142 1083 2541
2152 1083 2546
2152 1093 2551
2152 1104 2557
2142 1125 2562
2142 1145 2567
2131 1166 2572
2121 1229 2577
2121 1250 2583
2121 1270 2588
2110 1291 2593
2110 1437 2598
2121 1458 2604
2121 1489 2609
2121 1500 2614
2121 1520 2619
2131 1531 2624
2131 1552 2630
2142 1552 2635
2142 1573 2640
2152 1573 2645
2152 1583 2650
2152 1583 2656
2152 1593 2661
2173 1593 2666
2173 1604 2671
2173 1604 2676
2194 1604 2682
2194 1604 2687
2194 1593 2692
2204 1583 2697
2215 1583 2702
2225 1552 2708
2235 1531 2713
2235 1520 2718
2256 1500 2723
2256 1489 2728
2267 1468 2734
2267 1448 2739
2277 1437 2744
2288 1416 2749
2298 1395 2755
2298 1375 2760
2308 1343 2765
2319 1323 2770
2319 1312 2775
2329 1302 2781
2329 1291 2786
2329 1291 2791
2329 1281 2796
2329 1281 2801
2340 1270 2807
2340 1281 2812
2340 1302 2817
2340 1323 2822
2340 1333 2827
2350 1354 2833
2350 1375 2838
2350 1406 2843
2350 1427 2848
2350 1458 2854
2350 1531 2859
2360 1562 2864
2360 1583 2869
2371 1604 2874
2371 1635 2880
2381 1645 2885
2381 1666 2890
2392 1698 2895
2392 1708 2900
2402 1718 2906
2413 1739 2911
2413 1750 2916
2433 1760 2921
2444 1770 2926
2454 1781 2932
2465 1781 2937
2475 1791 2942
2485 1791 2947
2527 1791 2952
2538 1791 2958
2558 1770 2963
2569 1760 2968
2579 1760 2973
2590 1739 2978
2600 1729 2984
2621 1708 2989
2631 1698 2994
2642 1677 2999
2663 1666 3005
2673 1645 3010
2683 1625 3015
2694 1593 3020
2725 1552 3025
2735 1520 3031
2746 1500 3036
2756 1479 3041
2767 1458 3046
2777 1437 3051
2788 1416 3057
2798 1395 3062
2808 1364 3067
2819 1343 3072
2829 1323 3077
2840 1281 3083
2871 1260 3088
2881 1250 3093
2892 1229 3098
2902 1218 3104
2913 1208 3109
2923 1187 3114
2933 1187 3119
2944 1177 3124
2954 1177 3130
2985 1177 3135
2996 1166 3140
2996 1166 3145
2996 1208 3150
.PEN_UP

.PEN_DOWN
3079 1479 3460
3079 1489 3465
3069 1500 3470
3069 1510 3476
3069 1510 3481
3069 1520 3486
3069 1520 3491
3069 1520 3496
3079 1510 3502
3079 1500 3507
3079 1479 3512
3079 1458 3517
3079 1437 3522
3090 1416 3528
3090 1385 3533
3100 1364 3538
3100 1333 3543
3100 1302 3549
3100 1270 3554
3110 1239 3559
3121 1187 3564
3121 1156 3569
3131 1114 3575
3142 1083 3580
3142 1052 3585
3152 1020 3590
3152 989 3595
3152 958 3601
3163 927 3606
3163 895 3611
3173 864 3616
3173 812 3621
3183 781 3627
3204 739 3632
3204 718 3637
3215 698 3642
3215 677 3648
3225 677 3653
3225 677 3658
3225 677 3663
3215 687 3668
3215 718 3674
3204 739 3679
3204 770 3684
3194 802 3689
3194 833 3694
3183 854 3700
3183 885 3705
3163 958 3710
3152 1000 3715
3142 1041 3720
3131 1083 3726
3121 1125 3731
3110 1166 3736
3100 1218 3741
3079 1270 3746
3069 1312 3752
3058 1364 3757
3048 1406 3762
3038 1489 3767
3027 1520 3772
3027 1625 3778
3038 1656 3783
3048 1687 3788
3058 1718 3793
3069 1750 3799
3079 1770 3804
3090 1802 3809
3100 1823 3814
3121 1833 3819
3152 1875 3825
3163 1885 3830
3183 1906 3835
3194 1916 3840
3215 1927 3845
3235 1948 3851
3256 1958 3856
3277 1968 3861
3298 1968 3866
3329 1979 3871
3350 1979 3877
3402 1979 3882
3444 1979 3887
3475 1979 3892
3496 1979 3898
3517 1968 3903
3538 1958 3908
3569 1948 3913
3579 1937 3918
3600 1916 3924
3621 1895 3929
3642 1864 3934
3663 1843 3939
3673 1823 3944
3694 1802 3950
3704 1781 3955
3704 1760 3960
3715 1729 3965
3715 1666 3970
3715 1635 3976
3704 1614 3981
3683 1562 3986
3673 1531 3991
3652 1500 3996
3631 1479 4002
3610 1458 4007
3590 1437 4012
3558 1406 4017
3517 1385 4022
3485 1364 4028
3454 1354 4033
3423 1333 4038
3392 1323 4043
3319 1302 4049
3288 1291 4054
3256 1291 4059
3235 1291 4064
3215 1291 4069
3194 1281 4075
3142 1281 4080
3131 1291 4085
3100 1291 4090
3110 1281 4095
.PEN_UP

.COMMENT End of File
