.VERSION 1.0
.COMMENT File s145w37

.COMMENT See "A Comparison of Approaches to On-line
              Handwritten Character Recognition"
             (Rob Kassel, MIT PhD Thesis, 1995)
             for complete specifications and
             benchmarks on this data.

.DATA_SOURCE MIT_LCS_SLS
.DATA_ID MIT_Natural_Handprint_95

.DATA_CONTACT
 Name: Rob Kassel
 Email: rob@goldilocks.lcs.mit.edu
 Phone: 1-617-253-3049
 Fax: 1-617-258-8642
 Address: Spoken Language Systems Group
          Laboratory for Computer Science
          Massachusetts Institute of Technology
          Room NE43-601
          Cambridge, MA  02139, USA

.SETUP
 Site: MIT
 Writer motivation: Paid
 Writer physical position: Seated at desk
 Instructions given to the writer: Minimal; printing required;
  capitalize initial letter; no correcting; writing to be
  examined later.
 Prompting: Aural prompts, both string and spelled
 Recognizer feedback: no
 Form layout: large writing area, no guides, minimal left/right bias

.DATA_INFO
 Alphabet: English alphanumerics plus symbols to indicate
           connections, ligatures, embellishments, and pen skips
.PAD
 Machine name: Wacom 648A
 Brand: Wacom
 Type: 648A
 Serial Nr.: 160039
 Sensor: Electromagnetic, wireless pen
 Pen: Untethered, tip switch only
 Driver: Mircosoft Windows for Pen Computing V1.0
 Sampling mode: Using Microsoft Visual Basic 2.0 controls
 Sampling rate: 193 Hz
 Resolution: 0.001 inches/unit
 Accuracy: 0.01 inches
 Display: Backlit LCD screen, 640x480
 Inking: 1 pixel wide black on white
.X_DIM 4975
.Y_DIM 3058
.X_POINTS_PER_INCH 100
.Y_POINTS_PER_INCH 100

.ALPHABET "A" "B" "C" "D" "E" "F" "G"
          "H" "I" "J" "K" "L" "M" "N"
          "O" "P" "Q" "R" "S" "T" "U"
          "V" "W" "X" "Y" "Z"
          "a" "b" "c" "d" "e" "f" "g"
          "h" "i" "j" "k" "l" "m" "n"
          "o" "p" "q" "r" "s" "t" "u"
          "v" "w" "x" "y" "z"
          "0" "1" "2" "3" "4"
          "5" "6" "7" "8" "9"
          "!" "&" "*" "+" 

.WRITER_ID 145
.STYLE PRINTED
.HAND R
.AGE 19
.SEX M
.WRITER_INFO
 Group: Evaluation
 Weight: 150
 Student: Yes
 Where educated: TX
 Home language: English & Chinese
 Name: Alexander

.COORD X Y T
.HIERARCHY WORD LETTER
.SEGMENT WORD 0-3 ? "Swab"
.SEGMENT LETTER 0 ? "S"
.SEGMENT LETTER 1 ? "w"
.SEGMENT LETTER 2 ? "a"
.SEGMENT LETTER 3 ? "b"

.COMMENT Prompt string: "Swab"
.COMMENT Recognizer string: "Swab"
.COMMENT Transcriber Comment: ""

.PEN_DOWN
871 2104 0
871 2114 5
871 2114 10
860 2114 16
860 2125 21
860 2125 26
860 2125 31
850 2125 36
850 2125 42
829 2125 47
819 2125 52
777 2125 57
777 2125 62
767 2125 68
756 2125 73
756 2114 78
746 2114 83
735 2104 89
704 2104 94
694 2093 99
673 2093 104
663 2073 109
652 2073 115
642 2073 120
631 2052 125
610 2041 130
600 2031 135
590 2020 141
579 2010 146
569 1979 151
548 1968 156
548 1958 161
538 1937 167
527 1916 172
527 1906 177
527 1885 182
517 1875 188
517 1854 193
517 1843 198
517 1760 203
517 1739 208
527 1729 214
527 1708 219
538 1698 224
548 1677 229
548 1677 234
558 1656 240
579 1645 245
590 1625 250
610 1614 255
621 1593 260
663 1562 266
673 1552 271
694 1531 276
715 1520 281
725 1510 286
746 1489 292
756 1479 297
767 1468 302
808 1437 307
829 1416 312
840 1406 318
871 1364 323
892 1343 328
913 1323 333
923 1312 339
944 1291 344
975 1270 349
985 1260 354
996 1239 359
1006 1218 365
1017 1208 370
1027 1177 375
1038 1156 380
1038 1145 385
1048 1125 391
1048 1073 396
1038 1052 401
1027 1041 406
1027 1031 411
1017 1010 417
1006 989 422
975 968 427
975 958 432
954 948 438
944 948 443
913 937 448
892 927 453
860 916 458
840 916 464
819 906 469
788 906 474
767 895 479
746 895 484
694 885 490
673 875 495
652 875 500
631 875 505
610 864 510
590 864 516
569 864 521
558 864 526
538 864 531
517 854 536
506 854 542
485 854 547
485 864 552
496 864 557
506 864 562
.PEN_UP

.PEN_DOWN
1163 1145 823
1142 1156 828
1142 1156 833
1131 1156 839
1131 1156 844
1121 1156 849
1121 1156 854
1131 1156 859
1131 1166 865
1131 1166 870
1142 1166 875
1142 1156 880
1142 1145 886
1152 1125 891
1152 1114 896
1152 1104 901
1163 1093 906
1163 1083 912
1163 1083 917
1163 1073 922
1163 1062 927
1163 1052 932
1173 1041 938
1173 1031 943
1183 1020 948
1194 1020 953
1194 1020 958
1204 1031 964
1204 1031 969
1204 1041 974
1215 1041 979
1215 1062 984
1215 1062 990
1225 1083 995
1225 1093 1000
1235 1093 1005
1235 1104 1010
1235 1114 1016
1235 1135 1021
1235 1145 1026
1246 1145 1031
1246 1145 1037
1246 1156 1042
1256 1156 1047
1256 1156 1052
1256 1156 1057
1256 1156 1063
1267 1145 1068
1267 1135 1073
1267 1125 1078
1277 1114 1083
1277 1104 1089
1288 1104 1094
1298 1093 1099
1308 1083 1104
1319 1073 1109
1329 1062 1115
1340 1062 1120
1350 1052 1125
1381 1052 1130
1402 1052 1136
1413 1062 1141
1423 1062 1146
1433 1073 1151
1454 1083 1156
1475 1104 1162
1485 1114 1167
1496 1135 1172
1506 1145 1177
1517 1166 1182
1527 1177 1188
1538 1198 1193
1538 1208 1198
1548 1229 1203
1548 1239 1208
1558 1250 1214
1569 1260 1219
1569 1260 1224
.PEN_UP

.PEN_DOWN
1829 1281 1483
1829 1291 1488
1829 1291 1493
1819 1291 1499
1819 1302 1504
1798 1302 1509
1788 1302 1514
1777 1291 1519
1767 1291 1525
1756 1281 1530
1725 1270 1535
1715 1250 1540
1704 1239 1546
1694 1229 1551
1683 1208 1556
1673 1198 1561
1663 1187 1566
1663 1177 1572
1663 1145 1577
1663 1135 1582
1673 1135 1587
1694 1135 1592
1715 1145 1598
1725 1145 1603
1746 1156 1608
1756 1166 1613
1767 1177 1618
1777 1187 1624
1798 1218 1629
1808 1229 1634
1829 1239 1639
1840 1250 1644
1850 1260 1650
1860 1270 1655
1871 1281 1660
1871 1281 1665
1892 1291 1670
1892 1291 1676
1913 1291 1681
1923 1291 1686
1923 1281 1691
1933 1270 1697
1944 1270 1702
1944 1260 1707
1954 1250 1712
1954 1239 1717
1965 1229 1723
1965 1218 1728
1975 1208 1733
1985 1198 1738
1996 1198 1743
2006 1187 1749
2017 1187 1754
2048 1187 1759
2058 1187 1764
2069 1198 1769
2079 1208 1775
2090 1208 1780
2100 1208 1785
2100 1208 1790
2100 1218 1796
2110 1229 1801
2110 1239 1806
.PEN_UP

.PEN_DOWN
2215 1770 2032
2215 1770 2037
2215 1781 2042
2215 1781 2048
2215 1791 2053
2225 1791 2058
2235 1781 2063
2256 1760 2068
2256 1750 2074
2267 1729 2079
2267 1708 2084
2277 1687 2089
2277 1666 2094
2277 1645 2100
2277 1625 2105
2288 1593 2110
2288 1573 2115
2288 1541 2121
2288 1489 2126
2288 1291 2131
2288 1281 2136
2288 1281 2141
2288 1270 2147
2288 1270 2152
2288 1270 2157
2288 1270 2162
2288 1354 2167
2288 1375 2173
2288 1385 2178
2288 1395 2183
2298 1406 2188
2298 1416 2193
2298 1427 2199
2308 1427 2204
2308 1448 2209
2319 1448 2214
2319 1458 2220
2329 1458 2225
2329 1458 2230
2340 1468 2235
2340 1468 2240
2350 1468 2246
2360 1468 2251
2371 1468 2256
2381 1458 2261
2392 1448 2266
2402 1448 2272
2413 1437 2277
2423 1427 2282
2433 1416 2287
2444 1416 2292
2465 1395 2298
2465 1385 2303
2475 1375 2308
2485 1364 2313
2485 1343 2318
2485 1291 2324
2485 1291 2329
2475 1281 2334
2465 1270 2339
2465 1260 2344
2454 1260 2350
2444 1250 2355
2413 1239 2360
2402 1229 2365
2392 1229 2371
2371 1218 2376
2360 1218 2381
2340 1218 2386
2288 1218 2391
2267 1218 2397
2256 1218 2402
2225 1218 2407
.PEN_UP

.COMMENT End of File
