.VERSION 1.0
.COMMENT File s145n03

.COMMENT See "A Comparison of Approaches to On-line
              Handwritten Character Recognition"
             (Rob Kassel, MIT PhD Thesis, 1995)
             for complete specifications and
             benchmarks on this data.

.DATA_SOURCE MIT_LCS_SLS
.DATA_ID MIT_Natural_Handprint_95

.DATA_CONTACT
 Name: Rob Kassel
 Email: rob@goldilocks.lcs.mit.edu
 Phone: 1-617-253-3049
 Fax: 1-617-258-8642
 Address: Spoken Language Systems Group
          Laboratory for Computer Science
          Massachusetts Institute of Technology
          Room NE43-601
          Cambridge, MA  02139, USA

.SETUP
 Site: MIT
 Writer motivation: Paid
 Writer physical position: Seated at desk
 Instructions given to the writer: Minimal; printing required;
  capitalize initial letter; no correcting; writing to be
  examined later.
 Prompting: Aural prompts, both string and spelled
 Recognizer feedback: no
 Form layout: large writing area, no guides, minimal left/right bias

.DATA_INFO
 Alphabet: English alphanumerics plus symbols to indicate
           connections, ligatures, embellishments, and pen skips
.PAD
 Machine name: Wacom 648A
 Brand: Wacom
 Type: 648A
 Serial Nr.: 160039
 Sensor: Electromagnetic, wireless pen
 Pen: Untethered, tip switch only
 Driver: Mircosoft Windows for Pen Computing V1.0
 Sampling mode: Using Microsoft Visual Basic 2.0 controls
 Sampling rate: 193 Hz
 Resolution: 0.001 inches/unit
 Accuracy: 0.01 inches
 Display: Backlit LCD screen, 640x480
 Inking: 1 pixel wide black on white
.X_DIM 4975
.Y_DIM 3058
.X_POINTS_PER_INCH 100
.Y_POINTS_PER_INCH 100

.ALPHABET "A" "B" "C" "D" "E" "F" "G"
          "H" "I" "J" "K" "L" "M" "N"
          "O" "P" "Q" "R" "S" "T" "U"
          "V" "W" "X" "Y" "Z"
          "a" "b" "c" "d" "e" "f" "g"
          "h" "i" "j" "k" "l" "m" "n"
          "o" "p" "q" "r" "s" "t" "u"
          "v" "w" "x" "y" "z"
          "0" "1" "2" "3" "4"
          "5" "6" "7" "8" "9"
          "!" "&" "*" "+" 

.WRITER_ID 145
.STYLE PRINTED
.HAND R
.AGE 19
.SEX M
.WRITER_INFO
 Group: Evaluation
 Weight: 150
 Student: Yes
 Where educated: TX
 Home language: English & Chinese
 Name: Alexander

.COORD X Y T
.HIERARCHY WORD LETTER
.SEGMENT WORD 0-4 ? "86773"
.SEGMENT LETTER 0 ? "8"
.SEGMENT LETTER 1 ? "6"
.SEGMENT LETTER 2 ? "7"
.SEGMENT LETTER 3 ? "7"
.SEGMENT LETTER 4 ? "3"

.COMMENT Prompt string: "86773"
.COMMENT Recognizer string: "86773"
.COMMENT Transcriber Comment: ""

.PEN_DOWN
1829 698 0
1829 698 5
1819 698 10
1819 708 16
1808 708 21
1808 708 26
1788 708 31
1777 708 36
1777 698 42
1767 698 47
1746 677 52
1735 677 57
1725 666 62
1715 666 68
1704 656 73
1704 645 78
1683 635 83
1683 625 89
1673 614 94
1673 583 99
1683 573 104
1683 562 109
1694 562 115
1704 541 120
1725 531 125
1725 531 130
1746 520 135
1767 510 141
1777 500 146
1788 489 151
1808 479 156
1829 468 161
1840 458 167
1840 448 172
1850 437 177
1850 395 182
1840 385 188
1840 375 193
1829 364 198
1819 343 203
1798 333 208
1788 333 214
1777 323 219
1756 323 224
1746 312 229
1715 312 234
1704 323 240
1694 323 245
1683 323 250
1683 343 255
1683 375 260
1694 385 266
1694 406 271
1704 427 276
1715 448 281
1725 458 286
1735 479 292
1746 500 297
1767 520 302
1777 573 307
1808 593 312
1819 604 318
1829 625 323
1840 635 328
1850 656 333
1860 656 339
1860 666 344
1860 666 349
1871 666 354
1871 666 359
1860 666 365
.PEN_UP

.PEN_DOWN
2038 656 714
2038 666 719
2038 666 724
2027 666 730
2017 666 735
2017 656 740
2006 656 745
2006 645 750
1996 645 756
1996 635 761
1985 635 766
1975 625 771
1975 614 776
1965 593 782
1965 573 787
1954 531 792
1944 510 797
1944 489 803
1944 448 808
1954 427 813
1954 416 818
1954 406 823
1965 395 829
1975 395 834
1985 385 839
1996 385 844
2027 385 849
2038 395 855
2048 395 860
2058 406 865
2069 416 870
2079 416 875
2079 427 881
2079 448 886
2069 458 891
2058 468 896
2048 468 902
2038 468 907
2017 468 912
2006 468 917
1996 458 922
1985 458 928
1975 458 933
1965 458 938
1965 458 943
1965 448 948
1965 448 954
1965 448 959
1965 448 964
.PEN_UP

.PEN_DOWN
2173 583 1319
2173 593 1324
2173 593 1329
2163 593 1335
2163 593 1340
2163 604 1345
2163 604 1350
2163 604 1355
2173 604 1361
2183 604 1366
2194 614 1371
2204 614 1376
2225 614 1382
2235 625 1387
2246 625 1392
2298 625 1397
2308 625 1402
2308 593 1408
2298 583 1413
2298 562 1418
2288 552 1423
2288 531 1428
2277 520 1434
2267 489 1439
2267 479 1444
2256 468 1449
2246 458 1454
2246 437 1460
2246 427 1465
2235 416 1470
2235 416 1475
2235 406 1480
2235 385 1486
2235 385 1491
2235 385 1496
2246 385 1501
.PEN_UP

.PEN_DOWN
2350 614 1648
2350 614 1653
2350 614 1658
2350 625 1664
2360 625 1669
2360 635 1674
2360 645 1679
2381 645 1684
2381 645 1690
2381 656 1695
2402 656 1700
2444 656 1705
2454 656 1710
2465 645 1716
2465 645 1721
2475 645 1726
2475 635 1731
2475 625 1737
2465 614 1742
2465 604 1747
2465 593 1752
2454 583 1757
2444 573 1763
2433 531 1768
2423 520 1773
2423 500 1778
2423 489 1783
2413 479 1789
2413 468 1794
2413 458 1799
2402 458 1804
2402 437 1809
2402 427 1815
2402 416 1820
2402 416 1825
2402 395 1830
2402 395 1836
.PEN_UP

.PEN_DOWN
2610 625 2088
2610 635 2093
2610 635 2098
2610 645 2104
2600 645 2109
2600 645 2114
2600 645 2119
2590 645 2124
2590 645 2130
2590 635 2135
2590 635 2140
2600 635 2145
2600 635 2150
2610 635 2156
2621 625 2161
2621 625 2166
2642 625 2171
2683 625 2177
2683 625 2182
2704 625 2187
2715 625 2192
2715 625 2197
2704 614 2203
2704 614 2208
2694 604 2213
2694 593 2218
2683 593 2223
2673 583 2229
2663 573 2234
2663 562 2239
2642 552 2244
2631 552 2249
2621 541 2255
2610 531 2260
2610 520 2265
2600 510 2270
2600 510 2276
2600 500 2281
2610 500 2286
2610 500 2291
2621 489 2296
2621 479 2302
2631 479 2307
2642 468 2312
2663 458 2317
2663 458 2322
2683 448 2328
2694 437 2333
2694 437 2338
2694 416 2343
2694 375 2348
2694 364 2354
2683 354 2359
2683 343 2364
2673 333 2369
2663 323 2374
2652 312 2380
2642 312 2385
2642 302 2390
2631 302 2395
2621 291 2400
2590 291 2406
2569 302 2411
2558 302 2416
2548 312 2421
2538 312 2427
2517 323 2432
2517 333 2437
2506 333 2442
.PEN_UP

.COMMENT End of File
