.VERSION 1.0
.COMMENT File s145w06

.COMMENT See "A Comparison of Approaches to On-line
              Handwritten Character Recognition"
             (Rob Kassel, MIT PhD Thesis, 1995)
             for complete specifications and
             benchmarks on this data.

.DATA_SOURCE MIT_LCS_SLS
.DATA_ID MIT_Natural_Handprint_95

.DATA_CONTACT
 Name: Rob Kassel
 Email: rob@goldilocks.lcs.mit.edu
 Phone: 1-617-253-3049
 Fax: 1-617-258-8642
 Address: Spoken Language Systems Group
          Laboratory for Computer Science
          Massachusetts Institute of Technology
          Room NE43-601
          Cambridge, MA  02139, USA

.SETUP
 Site: MIT
 Writer motivation: Paid
 Writer physical position: Seated at desk
 Instructions given to the writer: Minimal; printing required;
  capitalize initial letter; no correcting; writing to be
  examined later.
 Prompting: Aural prompts, both string and spelled
 Recognizer feedback: no
 Form layout: large writing area, no guides, minimal left/right bias

.DATA_INFO
 Alphabet: English alphanumerics plus symbols to indicate
           connections, ligatures, embellishments, and pen skips
.PAD
 Machine name: Wacom 648A
 Brand: Wacom
 Type: 648A
 Serial Nr.: 160039
 Sensor: Electromagnetic, wireless pen
 Pen: Untethered, tip switch only
 Driver: Mircosoft Windows for Pen Computing V1.0
 Sampling mode: Using Microsoft Visual Basic 2.0 controls
 Sampling rate: 193 Hz
 Resolution: 0.001 inches/unit
 Accuracy: 0.01 inches
 Display: Backlit LCD screen, 640x480
 Inking: 1 pixel wide black on white
.X_DIM 4975
.Y_DIM 3058
.X_POINTS_PER_INCH 100
.Y_POINTS_PER_INCH 100

.ALPHABET "A" "B" "C" "D" "E" "F" "G"
          "H" "I" "J" "K" "L" "M" "N"
          "O" "P" "Q" "R" "S" "T" "U"
          "V" "W" "X" "Y" "Z"
          "a" "b" "c" "d" "e" "f" "g"
          "h" "i" "j" "k" "l" "m" "n"
          "o" "p" "q" "r" "s" "t" "u"
          "v" "w" "x" "y" "z"
          "0" "1" "2" "3" "4"
          "5" "6" "7" "8" "9"
          "!" "&" "*" "+" 

.WRITER_ID 145
.STYLE PRINTED
.HAND R
.AGE 19
.SEX M
.WRITER_INFO
 Group: Evaluation
 Weight: 150
 Student: Yes
 Where educated: TX
 Home language: English & Chinese
 Name: Alexander

.COORD X Y T
.HIERARCHY WORD LETTER
.SEGMENT WORD 0-6 ? "Taxi"
.SEGMENT LETTER 0-1 ? "T"
.SEGMENT LETTER 2 ? "a"
.SEGMENT LETTER 3-4 ? "x"
.SEGMENT LETTER 5-6 ? "i"

.COMMENT Prompt string: "Taxi"
.COMMENT Recognizer string: "ta?si"
.COMMENT Transcriber Comment: ""

.PEN_DOWN
215 2177 0
215 2187 5
204 2187 10
194 2187 16
194 2187 21
204 2187 26
204 2177 31
215 2177 36
235 2177 42
246 2177 47
256 2177 52
485 2177 57
496 2177 62
517 2177 68
538 2166 73
548 2166 78
569 2166 83
590 2156 89
610 2156 94
663 2156 99
673 2156 104
694 2145 109
777 2145 115
808 2145 120
933 2145 125
954 2145 130
965 2145 135
985 2145 141
1017 2145 146
1038 2145 151
1100 2145 156
1110 2145 161
1204 2145 167
1215 2156 172
1225 2156 177
1246 2156 182
1256 2156 188
1256 2156 193
1267 2156 198
1298 2156 203
1298 2156 208
1298 2166 214
1298 2166 219
1288 2166 224
1277 2166 229
1235 2166 234
1225 2166 240
.PEN_UP

.PEN_DOWN
756 2083 824
756 2093 829
746 2093 834
746 2104 840
746 2093 845
746 2083 850
746 2052 855
746 2041 860
746 2020 866
746 1979 871
735 1958 876
735 1927 881
735 1906 886
725 1885 892
725 1864 897
725 1823 902
715 1791 907
715 1760 913
715 1739 918
715 1687 923
715 1666 928
715 1635 933
704 1614 939
704 1583 944
704 1552 949
704 1531 954
704 1500 959
704 1479 965
694 1448 970
694 1416 975
694 1385 980
683 1323 985
683 1291 991
673 1260 996
673 916 1001
673 895 1006
673 854 1012
673 843 1017
673 833 1022
673 812 1027
673 812 1032
673 823 1038
673 823 1043
663 833 1048
663 843 1053
652 854 1058
652 885 1064
.PEN_UP

.PEN_DOWN
1569 1145 1868
1569 1156 1873
1558 1156 1878
1558 1156 1884
1558 1156 1889
1558 1166 1894
1558 1166 1899
1558 1177 1904
1548 1177 1910
1548 1177 1915
1538 1177 1920
1538 1187 1925
1517 1187 1930
1506 1177 1936
1506 1177 1941
1485 1177 1946
1475 1177 1951
1454 1166 1957
1444 1166 1962
1433 1156 1967
1423 1156 1972
1413 1145 1977
1402 1135 1983
1392 1135 1988
1381 1125 1993
1371 1114 1998
1360 1104 2003
1350 1093 2009
1329 1062 2014
1319 1041 2019
1308 1020 2024
1298 1000 2029
1298 979 2035
1288 958 2040
1288 916 2045
1298 895 2050
1308 885 2056
1319 875 2061
1329 864 2066
1423 864 2071
1444 864 2076
1465 875 2082
1485 885 2087
1506 895 2092
1527 906 2097
1538 916 2102
1548 927 2108
1569 948 2113
1579 968 2118
1579 979 2123
1590 1000 2128
1590 1010 2134
1590 1062 2139
1590 1073 2144
1590 1083 2149
1590 1093 2154
1590 1104 2160
1579 1114 2165
1579 1114 2170
1579 1125 2175
1569 1125 2180
1569 1125 2186
1569 1125 2191
1569 1114 2196
1569 1114 2201
1579 1114 2207
1590 1093 2212
1590 1083 2217
1600 1073 2222
1610 1062 2227
1621 1052 2233
1631 1041 2238
1663 1010 2243
1673 1000 2248
1694 989 2253
1715 979 2259
1725 968 2264
1746 958 2269
1767 948 2274
1788 937 2279
1808 937 2285
1829 927 2290
1850 927 2295
1871 916 2300
2006 916 2306
2017 927 2311
2027 927 2316
2048 927 2321
2058 927 2326
2058 927 2332
2058 937 2337
2048 937 2342
2048 937 2347
.PEN_UP

.PEN_DOWN
1996 1104 2637
1996 1104 2642
1985 1104 2647
1985 1114 2653
1985 1114 2658
1985 1114 2663
1985 1104 2668
1985 1104 2673
1996 1104 2679
1996 1093 2684
2017 1093 2689
2027 1073 2694
2048 1062 2700
2058 1041 2705
2069 1031 2710
2079 1020 2715
2090 1000 2720
2110 979 2726
2121 968 2731
2142 958 2736
2152 937 2741
2173 927 2746
2183 906 2752
2204 906 2757
2225 895 2762
2235 885 2767
2256 875 2772
2277 875 2778
2288 864 2783
2308 864 2788
2319 854 2793
2329 854 2798
2350 843 2804
2360 843 2809
2413 843 2814
2423 854 2819
2423 854 2824
2423 875 2830
.PEN_UP

.PEN_DOWN
2340 1073 2966
2329 1083 2971
2329 1093 2976
2329 1114 2982
2329 1114 2987
2319 1104 2992
2319 1093 2997
2308 1083 3002
2298 1073 3008
2288 1062 3013
2267 1052 3018
2256 1031 3023
2246 1010 3028
2225 989 3034
2204 968 3039
2194 948 3044
2163 895 3049
2142 875 3055
2121 864 3060
2110 843 3065
2090 833 3070
2079 812 3075
2069 802 3081
2058 791 3086
2048 791 3091
2048 791 3096
2048 791 3101
2048 791 3107
2058 791 3112
2058 802 3117
2069 812 3122
2079 823 3127
2090 833 3133
2100 843 3138
2110 854 3143
2142 854 3148
.PEN_UP

.PEN_DOWN
2579 1000 3351
2579 1020 3356
2579 1020 3361
2590 1020 3367
2590 1020 3372
2590 1020 3377
2590 1020 3382
2590 1020 3387
2590 1020 3393
2590 1010 3398
2600 1000 3403
2600 1000 3408
2600 885 3414
2590 864 3419
2590 854 3424
2590 843 3429
2590 823 3434
2590 823 3440
2590 823 3445
2590 833 3450
.PEN_UP

.PEN_DOWN
2610 1125 3680
2600 1135 3685
2600 1145 3690
2600 1145 3696
2600 1156 3701
2600 1166 3706
2590 1166 3711
2590 1166 3716
2600 1166 3722
2600 1166 3727
2610 1156 3732
2610 1156 3737
2621 1156 3742
.PEN_UP

.COMMENT End of File
