.VERSION 1.0
.COMMENT File s145i04

.COMMENT See "A Comparison of Approaches to On-line
              Handwritten Character Recognition"
             (Rob Kassel, MIT PhD Thesis, 1995)
             for complete specifications and
             benchmarks on this data.

.DATA_SOURCE MIT_LCS_SLS
.DATA_ID MIT_Natural_Handprint_95

.DATA_CONTACT
 Name: Rob Kassel
 Email: rob@goldilocks.lcs.mit.edu
 Phone: 1-617-253-3049
 Fax: 1-617-258-8642
 Address: Spoken Language Systems Group
          Laboratory for Computer Science
          Massachusetts Institute of Technology
          Room NE43-601
          Cambridge, MA  02139, USA

.SETUP
 Site: MIT
 Writer motivation: Paid
 Writer physical position: Seated at desk
 Instructions given to the writer: Minimal; printing required;
  capitalize initial letter; no correcting; writing to be
  examined later.
 Prompting: Aural prompts, both string and spelled
 Recognizer feedback: no
 Form layout: large writing area, no guides, minimal left/right bias

.DATA_INFO
 Alphabet: English alphanumerics plus symbols to indicate
           connections, ligatures, embellishments, and pen skips
.PAD
 Machine name: Wacom 648A
 Brand: Wacom
 Type: 648A
 Serial Nr.: 160039
 Sensor: Electromagnetic, wireless pen
 Pen: Untethered, tip switch only
 Driver: Mircosoft Windows for Pen Computing V1.0
 Sampling mode: Using Microsoft Visual Basic 2.0 controls
 Sampling rate: 193 Hz
 Resolution: 0.001 inches/unit
 Accuracy: 0.01 inches
 Display: Backlit LCD screen, 640x480
 Inking: 1 pixel wide black on white
.X_DIM 4975
.Y_DIM 3058
.X_POINTS_PER_INCH 100
.Y_POINTS_PER_INCH 100

.ALPHABET "A" "B" "C" "D" "E" "F" "G"
          "H" "I" "J" "K" "L" "M" "N"
          "O" "P" "Q" "R" "S" "T" "U"
          "V" "W" "X" "Y" "Z"
          "a" "b" "c" "d" "e" "f" "g"
          "h" "i" "j" "k" "l" "m" "n"
          "o" "p" "q" "r" "s" "t" "u"
          "v" "w" "x" "y" "z"
          "0" "1" "2" "3" "4"
          "5" "6" "7" "8" "9"
          "!" "&" "*" "+" 

.WRITER_ID 145
.STYLE PRINTED
.HAND R
.AGE 19
.SEX M
.WRITER_INFO
 Group: Evaluation
 Weight: 150
 Student: Yes
 Where educated: TX
 Home language: English & Chinese
 Name: Alexander

.COORD X Y T
.HIERARCHY WORD
.SEGMENT WORD 0-19 ? "UNTRANSCRIBED!!!"

.COMMENT Prompt string: ""
.COMMENT Recognizer string: "Chi?se and English"
.COMMENT Transcriber Comment: "Unchecked and unaligned transcription."

.PEN_DOWN
669 2775 0
669 2775 5
658 2775 10
658 2764 16
648 2764 21
638 2764 26
627 2764 31
627 2764 36
627 2764 42
617 2754 47
606 2743 52
606 2743 57
596 2733 62
585 2723 68
575 2712 73
565 2702 78
554 2691 83
544 2681 89
544 2670 94
533 2660 99
533 2650 104
533 2639 109
533 2608 115
533 2608 120
544 2598 125
544 2587 130
554 2577 135
575 2566 141
585 2566 146
596 2566 151
606 2556 156
648 2556 161
658 2566 167
679 2566 172
690 2577 177
700 2587 182
710 2598 188
.PEN_UP

.PEN_DOWN
742 2785 329
742 2785 334
742 2795 339
742 2785 345
742 2785 350
742 2743 355
731 2733 360
731 2691 365
731 2670 371
731 2650 376
721 2629 381
721 2618 386
721 2598 392
721 2566 397
721 2566 402
721 2566 407
721 2566 412
721 2577 418
731 2587 423
731 2598 428
731 2598 433
742 2608 438
752 2629 444
752 2629 449
763 2629 454
763 2639 459
773 2639 464
773 2629 470
783 2629 475
783 2629 480
794 2618 485
794 2618 490
794 2618 496
804 2608 501
804 2608 506
804 2608 511
804 2598 516
815 2598 522
815 2587 527
825 2577 532
825 2577 537
825 2577 543
825 2566 548
.PEN_UP

.PEN_DOWN
888 2618 714
888 2608 719
888 2598 724
877 2598 730
877 2577 735
.PEN_UP

.PEN_DOWN
867 2702 879
867 2712 884
867 2712 889
856 2712 895
856 2712 900
856 2712 905
.PEN_UP

.PEN_DOWN
940 2629 1044
940 2618 1049
940 2618 1054
940 2608 1060
940 2608 1065
940 2598 1070
940 2598 1075
929 2587 1080
940 2598 1086
940 2608 1091
940 2608 1096
940 2608 1101
950 2618 1106
950 2618 1112
950 2618 1117
950 2618 1122
950 2629 1127
950 2629 1133
960 2629 1138
960 2639 1143
971 2639 1148
971 2629 1153
971 2629 1159
981 2629 1164
981 2629 1169
981 2618 1174
992 2618 1179
992 2608 1185
992 2598 1190
1002 2598 1195
1002 2598 1200
1002 2587 1205
1002 2587 1211
1013 2587 1216
1013 2587 1221
1013 2587 1226
1044 2587 1232
1044 2587 1237
1044 2587 1242
1054 2587 1247
1054 2598 1252
1065 2598 1258
1075 2598 1263
1075 2608 1268
1075 2608 1273
1085 2618 1278
1085 2629 1284
1085 2629 1289
1085 2650 1294
1085 2650 1299
1085 2650 1304
1085 2650 1310
1075 2650 1315
1065 2650 1320
1065 2639 1325
1044 2639 1330
1044 2629 1336
1033 2618 1341
1033 2608 1346
1033 2608 1351
1023 2598 1356
1023 2587 1362
1033 2577 1367
1033 2577 1372
1044 2566 1377
1054 2566 1383
1054 2566 1388
1075 2566 1393
1096 2577 1398
1106 2577 1403
.PEN_UP

.PEN_DOWN
1179 2670 1593
1179 2670 1598
1169 2670 1603
1169 2670 1609
1169 2670 1614
1158 2670 1619
1158 2639 1624
1169 2629 1629
1169 2629 1635
1190 2618 1640
1190 2608 1645
1190 2608 1650
1200 2598 1656
1200 2587 1661
1210 2587 1666
1210 2566 1671
1200 2556 1676
1200 2556 1682
1158 2556 1687
1158 2556 1692
1148 2556 1697
1138 2566 1702
1127 2566 1708
1127 2566 1713
.PEN_UP

.PEN_DOWN
1242 2629 2691
1242 2629 2696
1242 2639 2701
1242 2629 2707
1242 2629 2712
1263 2629 2717
1273 2629 2722
1273 2639 2727
1283 2639 2733
1283 2639 2738
1283 2639 2743
1294 2639 2748
1294 2650 2754
1294 2650 2759
1294 2650 2764
1294 2660 2769
1283 2670 2774
1283 2670 2780
1273 2670 2785
1273 2670 2790
1252 2670 2795
1252 2670 2800
1252 2670 2806
1252 2660 2811
1242 2660 2816
1231 2650 2821
1231 2639 2826
1221 2639 2832
1221 2629 2837
1221 2629 2842
1210 2618 2847
1210 2598 2852
1221 2587 2858
1221 2587 2863
1231 2577 2868
1252 2566 2873
1252 2566 2878
1263 2566 2884
1304 2566 2889
1315 2566 2894
1335 2577 2899
1346 2577 2905
.PEN_UP

.PEN_DOWN
1585 2639 4421
1585 2650 4426
1585 2650 4431
1585 2650 4437
1585 2650 4442
1575 2650 4447
1575 2660 4452
1575 2660 4457
1575 2660 4463
1575 2660 4468
1575 2660 4473
1565 2660 4478
1554 2670 4484
1554 2670 4489
1544 2660 4494
1533 2660 4499
1533 2660 4504
1533 2660 4510
1523 2650 4515
1523 2650 4520
1513 2639 4525
1513 2629 4530
1513 2598 4536
1523 2598 4541
1523 2598 4546
1533 2598 4551
1533 2587 4556
1554 2587 4562
1565 2598 4567
1565 2598 4572
1575 2598 4577
1575 2608 4582
1585 2618 4588
1596 2618 4593
1596 2629 4598
1606 2639 4603
1606 2650 4608
1606 2650 4614
1606 2650 4619
1606 2650 4624
1606 2639 4629
1606 2629 4635
1606 2629 4640
1617 2608 4645
1617 2608 4650
1617 2608 4655
1617 2608 4661
1627 2608 4666
1627 2598 4671
1658 2598 4676
1658 2608 4681
.PEN_UP

.PEN_DOWN
1679 2629 4860
1679 2639 4865
1669 2639 4870
1669 2639 4876
1669 2629 4881
1669 2618 4886
1669 2618 4891
1669 2608 4896
1669 2598 4902
1669 2598 4907
1669 2598 4912
1669 2598 4917
1669 2608 4922
1669 2608 4928
1669 2618 4933
1669 2629 4938
1679 2629 4943
1679 2629 4949
1679 2639 4954
1679 2639 4959
1690 2639 4964
1690 2639 4969
1690 2639 4975
1690 2639 4980
1700 2639 4985
1700 2639 4990
1700 2629 4995
1710 2618 5001
1710 2608 5006
1710 2608 5011
1710 2608 5016
1710 2608 5021
1721 2598 5027
1721 2598 5032
1721 2598 5037
1721 2598 5042
1742 2598 5048
.PEN_UP

.PEN_DOWN
1804 2650 5245
1804 2650 5250
1794 2650 5255
1783 2639 5261
1783 2639 5266
1773 2629 5271
1773 2629 5276
1773 2629 5281
1763 2618 5287
1763 2608 5292
1763 2587 5297
1763 2587 5302
1773 2587 5308
1815 2587 5313
1825 2587 5318
1835 2598 5323
1835 2598 5328
1846 2608 5334
1846 2618 5339
1846 2629 5344
1856 2639 5349
1856 2702 5354
1846 2723 5360
1846 2733 5365
1846 2733 5370
1846 2743 5375
1835 2754 5380
1835 2754 5386
1835 2764 5391
.PEN_UP

.PEN_DOWN
2065 2754 5904
2065 2754 5909
2065 2754 5914
2065 2754 5920
2065 2754 5925
2065 2743 5930
2054 2743 5935
2054 2733 5940
2044 2702 5946
2044 2691 5951
2044 2681 5956
2033 2660 5961
2033 2650 5966
2023 2629 5972
2023 2577 5977
2023 2566 5982
2023 2556 5987
2033 2545 5993
2033 2545 5998
2044 2535 6003
2044 2535 6008
2075 2535 6013
2085 2535 6019
2106 2545 6024
2117 2545 6029
2127 2556 6034
2148 2566 6039
2148 2566 6045
2158 2566 6050
2169 2577 6055
2179 2587 6060
2190 2587 6065
2190 2587 6071
.PEN_UP

.PEN_DOWN
2085 2743 6234
2075 2754 6239
2075 2764 6244
2075 2764 6250
2085 2775 6255
2085 2775 6260
2096 2775 6265
2127 2775 6270
2138 2775 6276
2148 2775 6281
2158 2775 6286
2169 2775 6291
2179 2764 6296
.PEN_UP

.PEN_DOWN
2065 2639 6453
2065 2639 6458
2075 2639 6463
2085 2639 6469
2085 2650 6474
2096 2650 6479
2117 2650 6484
2117 2650 6489
.PEN_UP

.PEN_DOWN
2179 2608 6618
2179 2608 6623
2179 2598 6628
2179 2587 6634
2179 2587 6639
2190 2587 6644
2190 2577 6649
2190 2577 6654
2190 2577 6660
2200 2577 6665
2200 2587 6670
2200 2587 6675
2200 2587 6680
2200 2618 6686
2210 2618 6691
2210 2618 6696
2210 2618 6701
2210 2629 6707
2231 2629 6712
2231 2618 6717
2231 2618 6722
2242 2608 6727
2242 2608 6733
2242 2608 6738
2252 2598 6743
2252 2598 6748
2263 2587 6753
2263 2577 6759
2263 2577 6764
2273 2577 6769
2273 2566 6774
2273 2566 6779
.PEN_UP

.PEN_DOWN
2335 2608 6948
2335 2608 6953
2325 2608 6958
2325 2608 6964
2315 2598 6969
2315 2598 6974
2315 2598 6979
2304 2598 6984
2304 2598 6990
2294 2587 6995
2294 2587 7000
2294 2556 7005
2304 2556 7010
2325 2556 7016
2325 2566 7021
2335 2566 7026
2346 2566 7031
2346 2566 7037
2346 2577 7042
2346 2587 7047
2346 2535 7052
2346 2535 7057
2346 2525 7063
2346 2514 7068
2346 2504 7073
2335 2483 7078
2335 2473 7083
2325 2462 7089
2325 2462 7094
2325 2452 7099
2315 2441 7104
2315 2441 7109
2304 2441 7115
2304 2452 7120
2294 2452 7125
2294 2462 7130
2294 2473 7136
.PEN_UP

.PEN_DOWN
2429 2733 7387
2429 2733 7392
2429 2733 7397
2429 2723 7403
2429 2712 7408
2419 2681 7413
2419 2670 7418
2419 2650 7423
2419 2608 7429
2419 2598 7434
2419 2566 7439
2419 2556 7444
2419 2545 7450
2419 2535 7455
2419 2535 7460
.PEN_UP

.PEN_DOWN
2471 2598 7607
2471 2598 7612
2471 2587 7617
2471 2587 7623
2471 2577 7628
2471 2566 7633
2481 2566 7638
2481 2556 7643
.PEN_UP

.PEN_DOWN
2481 2660 7716
2471 2660 7721
2460 2670 7726
2460 2670 7732
2460 2670 7737
2460 2670 7742
2460 2660 7747
.PEN_UP

.PEN_DOWN
2544 2608 7826
2533 2608 7831
2533 2608 7836
2513 2608 7842
2502 2608 7847
2502 2598 7852
2502 2598 7857
2502 2598 7862
2502 2598 7868
2502 2587 7873
2502 2587 7878
2513 2587 7883
2513 2587 7888
2523 2587 7894
2523 2587 7899
2523 2577 7904
2533 2566 7909
2533 2566 7915
2533 2556 7920
2533 2545 7925
2533 2545 7930
2533 2535 7935
2523 2535 7941
2523 2545 7946
2513 2545 7951
2502 2545 7956
.PEN_UP

.PEN_DOWN
2606 2733 8156
2606 2733 8161
2606 2733 8166
2606 2723 8172
2617 2712 8177
2617 2691 8182
2617 2670 8187
2617 2618 8192
2617 2608 8198
2617 2587 8203
2627 2587 8208
2627 2587 8213
2627 2587 8218
2627 2598 8224
2638 2598 8229
2648 2608 8234
2648 2608 8239
2658 2608 8245
2669 2608 8250
2669 2608 8255
2679 2608 8260
2679 2608 8265
2690 2608 8271
2690 2598 8276
2690 2587 8281
2690 2587 8286
2700 2577 8291
2700 2577 8297
2710 2566 8302
2710 2556 8307
.PEN_UP

.COMMENT End of File
