.VERSION 1.0
.COMMENT File s145n11

.COMMENT See "A Comparison of Approaches to On-line
              Handwritten Character Recognition"
             (Rob Kassel, MIT PhD Thesis, 1995)
             for complete specifications and
             benchmarks on this data.

.DATA_SOURCE MIT_LCS_SLS
.DATA_ID MIT_Natural_Handprint_95

.DATA_CONTACT
 Name: Rob Kassel
 Email: rob@goldilocks.lcs.mit.edu
 Phone: 1-617-253-3049
 Fax: 1-617-258-8642
 Address: Spoken Language Systems Group
          Laboratory for Computer Science
          Massachusetts Institute of Technology
          Room NE43-601
          Cambridge, MA  02139, USA

.SETUP
 Site: MIT
 Writer motivation: Paid
 Writer physical position: Seated at desk
 Instructions given to the writer: Minimal; printing required;
  capitalize initial letter; no correcting; writing to be
  examined later.
 Prompting: Aural prompts, both string and spelled
 Recognizer feedback: no
 Form layout: large writing area, no guides, minimal left/right bias

.DATA_INFO
 Alphabet: English alphanumerics plus symbols to indicate
           connections, ligatures, embellishments, and pen skips
.PAD
 Machine name: Wacom 648A
 Brand: Wacom
 Type: 648A
 Serial Nr.: 160039
 Sensor: Electromagnetic, wireless pen
 Pen: Untethered, tip switch only
 Driver: Mircosoft Windows for Pen Computing V1.0
 Sampling mode: Using Microsoft Visual Basic 2.0 controls
 Sampling rate: 193 Hz
 Resolution: 0.001 inches/unit
 Accuracy: 0.01 inches
 Display: Backlit LCD screen, 640x480
 Inking: 1 pixel wide black on white
.X_DIM 4975
.Y_DIM 3058
.X_POINTS_PER_INCH 100
.Y_POINTS_PER_INCH 100

.ALPHABET "A" "B" "C" "D" "E" "F" "G"
          "H" "I" "J" "K" "L" "M" "N"
          "O" "P" "Q" "R" "S" "T" "U"
          "V" "W" "X" "Y" "Z"
          "a" "b" "c" "d" "e" "f" "g"
          "h" "i" "j" "k" "l" "m" "n"
          "o" "p" "q" "r" "s" "t" "u"
          "v" "w" "x" "y" "z"
          "0" "1" "2" "3" "4"
          "5" "6" "7" "8" "9"
          "!" "&" "*" "+" 

.WRITER_ID 145
.STYLE PRINTED
.HAND R
.AGE 19
.SEX M
.WRITER_INFO
 Group: Evaluation
 Weight: 150
 Student: Yes
 Where educated: TX
 Home language: English & Chinese
 Name: Alexander

.COORD X Y T
.HIERARCHY WORD LETTER
.SEGMENT WORD 0-5 ? "79158"
.SEGMENT LETTER 0 ? "7"
.SEGMENT LETTER 1 ? "9"
.SEGMENT LETTER 2 ? "1"
.SEGMENT LETTER 3-4 ? "5"
.SEGMENT LETTER 5 ? "8"

.COMMENT Prompt string: "79158"
.COMMENT Recognizer string: "?9158"
.COMMENT Transcriber Comment: ""

.PEN_DOWN
652 1510 0
631 1510 5
631 1520 10
621 1520 16
621 1510 21
621 1510 26
621 1520 31
621 1520 36
631 1520 42
652 1531 47
673 1531 52
683 1531 57
704 1531 62
715 1541 68
746 1552 73
756 1552 78
777 1562 83
808 1573 89
829 1573 94
860 1583 99
892 1593 104
944 1604 109
965 1604 115
985 1604 120
1006 1614 125
1079 1614 130
1090 1604 135
1110 1604 141
1110 1604 146
1121 1593 151
1121 1583 156
1121 1500 161
1121 1489 167
1121 1468 172
1110 1437 177
1110 1385 182
1090 1343 188
1079 1312 193
1058 1270 198
1048 1239 203
1038 1198 208
1017 1156 214
996 1114 219
985 1073 224
965 1041 229
954 1000 234
933 958 240
933 895 245
902 864 250
892 854 255
892 833 260
881 812 266
881 802 271
871 791 276
871 781 281
871 770 286
871 770 292
871 770 297
871 770 302
871 781 307
871 781 312
881 812 318
892 823 323
902 854 328
902 875 333
.PEN_UP

.PEN_DOWN
1444 1385 659
1475 1406 664
1485 1406 669
1496 1416 675
1496 1427 680
1506 1427 685
1517 1437 690
1517 1437 695
1527 1448 701
1538 1468 706
1558 1468 711
1558 1510 716
1548 1520 722
1548 1520 727
1527 1531 732
1527 1541 737
1517 1541 742
1506 1541 748
1496 1541 753
1454 1541 758
1444 1541 763
1433 1531 768
1413 1531 774
1392 1520 779
1381 1510 784
1360 1500 789
1350 1489 794
1340 1479 800
1319 1458 805
1308 1448 810
1298 1427 815
1288 1406 820
1277 1385 826
1267 1364 831
1256 1323 836
1256 1281 841
1256 1270 846
1267 1260 852
1277 1250 857
1288 1229 862
1298 1229 867
1308 1218 873
1329 1208 878
1350 1198 883
1360 1198 888
1371 1198 893
1423 1198 899
1444 1208 904
1465 1208 909
1485 1218 914
1506 1229 919
1517 1239 925
1538 1250 930
1548 1270 935
1558 1291 940
1579 1302 945
1590 1323 951
1600 1343 956
1610 1354 961
1621 1375 966
1621 1385 972
1621 1395 977
1631 1406 982
1631 1416 987
1631 1427 992
1631 1427 998
1631 1427 1003
1631 1416 1008
1631 1395 1013
1631 1291 1018
1631 1270 1024
1631 1250 1029
1621 1218 1034
1621 1187 1039
1610 1145 1044
1610 1114 1050
1610 1083 1055
1600 1062 1060
1600 1020 1065
1600 989 1070
1600 864 1076
1600 833 1081
1600 823 1086
1610 812 1091
1610 791 1096
1610 781 1102
1610 781 1107
1610 770 1112
1610 770 1117
1610 791 1123
1610 802 1128
.PEN_UP

.PEN_DOWN
1965 1385 1318
1965 1385 1323
1965 1406 1328
1965 1395 1334
1965 1395 1339
1965 1385 1344
1965 1270 1349
1954 1239 1354
1954 1218 1360
1944 1114 1365
1923 1083 1370
1923 1052 1375
1923 1020 1380
1923 989 1386
1923 770 1391
1923 760 1396
1923 739 1401
1923 739 1407
1923 739 1412
1933 739 1417
1933 750 1422
1933 760 1427
1944 760 1433
.PEN_UP

.PEN_DOWN
2329 1302 1922
2329 1302 1927
2329 1302 1932
2319 1291 1938
2319 1291 1943
2319 1291 1948
2319 1291 1953
2319 1270 1958
2308 1260 1964
2298 1250 1969
2298 1239 1974
2288 1229 1979
2288 1218 1984
2288 1208 1990
2288 1198 1995
2288 1177 2000
2288 1166 2005
2288 1145 2011
2288 1135 2016
2288 1135 2021
2288 1135 2026
2298 1125 2031
2319 1125 2037
2329 1125 2042
2340 1125 2047
2350 1125 2052
2350 1125 2057
2360 1114 2063
2371 1104 2068
2371 1104 2073
2381 1104 2078
2392 1093 2083
2392 1083 2089
2402 1073 2094
2413 1062 2099
2413 1041 2104
2423 1041 2110
2423 1020 2115
2423 968 2120
2423 948 2125
2423 937 2130
2423 916 2136
2413 895 2141
2402 875 2146
2402 864 2151
2392 843 2156
2371 823 2162
2360 812 2167
2350 802 2172
2340 791 2177
2329 781 2182
2319 781 2188
2298 781 2193
2246 781 2198
2215 781 2203
2204 802 2208
2183 802 2214
2173 823 2219
2152 833 2224
2152 854 2229
2131 864 2234
2131 885 2240
2131 937 2245
.PEN_UP

.PEN_DOWN
2267 1260 2416
2308 1270 2421
2308 1270 2426
2308 1270 2432
2329 1281 2437
2329 1281 2442
2360 1291 2447
2371 1291 2452
2381 1302 2458
2423 1312 2463
2444 1312 2468
2465 1323 2473
2485 1333 2478
2527 1333 2484
2548 1343 2489
2569 1343 2494
2610 1343 2499
2652 1343 2505
.PEN_UP

.PEN_DOWN
3006 1354 2691
2996 1364 2696
2996 1364 2701
2985 1364 2707
2975 1364 2712
2965 1364 2717
2954 1364 2722
2944 1364 2727
2933 1364 2733
2913 1354 2738
2881 1343 2743
2871 1333 2748
2850 1323 2754
2829 1312 2759
2808 1291 2764
2777 1281 2769
2756 1281 2774
2746 1260 2780
2735 1250 2785
2735 1250 2790
2735 1198 2795
2746 1187 2800
2746 1166 2806
2756 1156 2811
2777 1125 2816
2788 1104 2821
2798 1083 2826
2808 1073 2832
2819 1062 2837
2829 1052 2842
2860 1010 2847
2871 1000 2852
2881 979 2858
2892 968 2863
2913 927 2868
2923 916 2873
2923 895 2878
2933 875 2884
2933 823 2889
2933 812 2894
2923 791 2899
2923 770 2905
2913 750 2910
2902 718 2915
2871 708 2920
2850 698 2925
2840 687 2931
2829 687 2936
2777 687 2941
2767 687 2946
2756 698 2951
2746 698 2957
2735 708 2962
2735 729 2967
2735 770 2972
2735 791 2977
2746 812 2983
2756 833 2988
2777 864 2993
2798 885 2998
2808 916 3004
2829 948 3009
2850 989 3014
2902 1062 3019
2923 1083 3024
2944 1114 3030
2965 1156 3035
2985 1177 3040
3006 1208 3045
3017 1239 3050
3038 1250 3056
3048 1270 3061
3058 1291 3066
3069 1302 3071
3079 1312 3076
.PEN_UP

.COMMENT End of File
