.VERSION 1.0
.COMMENT File s145n23

.COMMENT See "A Comparison of Approaches to On-line
              Handwritten Character Recognition"
             (Rob Kassel, MIT PhD Thesis, 1995)
             for complete specifications and
             benchmarks on this data.

.DATA_SOURCE MIT_LCS_SLS
.DATA_ID MIT_Natural_Handprint_95

.DATA_CONTACT
 Name: Rob Kassel
 Email: rob@goldilocks.lcs.mit.edu
 Phone: 1-617-253-3049
 Fax: 1-617-258-8642
 Address: Spoken Language Systems Group
          Laboratory for Computer Science
          Massachusetts Institute of Technology
          Room NE43-601
          Cambridge, MA  02139, USA

.SETUP
 Site: MIT
 Writer motivation: Paid
 Writer physical position: Seated at desk
 Instructions given to the writer: Minimal; printing required;
  capitalize initial letter; no correcting; writing to be
  examined later.
 Prompting: Aural prompts, both string and spelled
 Recognizer feedback: no
 Form layout: large writing area, no guides, minimal left/right bias

.DATA_INFO
 Alphabet: English alphanumerics plus symbols to indicate
           connections, ligatures, embellishments, and pen skips
.PAD
 Machine name: Wacom 648A
 Brand: Wacom
 Type: 648A
 Serial Nr.: 160039
 Sensor: Electromagnetic, wireless pen
 Pen: Untethered, tip switch only
 Driver: Mircosoft Windows for Pen Computing V1.0
 Sampling mode: Using Microsoft Visual Basic 2.0 controls
 Sampling rate: 193 Hz
 Resolution: 0.001 inches/unit
 Accuracy: 0.01 inches
 Display: Backlit LCD screen, 640x480
 Inking: 1 pixel wide black on white
.X_DIM 4975
.Y_DIM 3058
.X_POINTS_PER_INCH 100
.Y_POINTS_PER_INCH 100

.ALPHABET "A" "B" "C" "D" "E" "F" "G"
          "H" "I" "J" "K" "L" "M" "N"
          "O" "P" "Q" "R" "S" "T" "U"
          "V" "W" "X" "Y" "Z"
          "a" "b" "c" "d" "e" "f" "g"
          "h" "i" "j" "k" "l" "m" "n"
          "o" "p" "q" "r" "s" "t" "u"
          "v" "w" "x" "y" "z"
          "0" "1" "2" "3" "4"
          "5" "6" "7" "8" "9"
          "!" "&" "*" "+" 

.WRITER_ID 145
.STYLE PRINTED
.HAND R
.AGE 19
.SEX M
.WRITER_INFO
 Group: Evaluation
 Weight: 150
 Student: Yes
 Where educated: TX
 Home language: English & Chinese
 Name: Alexander

.COORD X Y T
.HIERARCHY WORD LETTER
.SEGMENT WORD 0-5 ? "27657"
.SEGMENT LETTER 0 ? "2"
.SEGMENT LETTER 1 ? "7"
.SEGMENT LETTER 2 ? "6"
.SEGMENT LETTER 3-4 ? "5"
.SEGMENT LETTER 5 ? "7"

.COMMENT Prompt string: "27657"
.COMMENT Recognizer string: "22657"
.COMMENT Transcriber Comment: ""

.PEN_DOWN
183 916 0
183 916 5
194 916 10
194 916 16
204 927 21
204 937 26
204 937 31
215 948 36
225 948 42
235 958 47
235 958 52
235 968 57
246 968 62
256 979 68
267 989 73
267 1000 78
277 1000 83
288 1010 89
298 1020 94
308 1041 99
329 1041 104
340 1052 109
350 1052 115
371 1062 120
402 1062 125
413 1052 130
423 1041 135
433 1041 141
454 1010 146
465 989 151
475 968 156
485 948 161
485 927 167
496 906 172
496 875 177
496 781 182
496 750 188
485 708 193
475 645 198
465 614 203
454 583 208
444 562 214
433 541 219
433 520 224
423 500 229
413 489 234
413 468 240
413 458 245
402 458 250
402 448 255
392 448 260
392 437 266
392 448 271
402 448 276
402 448 281
413 458 286
433 458 292
454 468 297
475 479 302
496 479 307
548 510 312
579 520 318
610 531 323
642 541 328
673 562 333
715 562 339
777 583 344
808 593 349
829 604 354
871 604 359
892 614 365
913 625 370
933 625 375
954 635 380
975 635 385
985 635 391
996 645 396
1017 656 401
1027 666 406
.PEN_UP

.PEN_DOWN
850 1093 604
840 1093 609
840 1104 614
840 1104 620
860 1125 625
871 1135 630
881 1145 635
892 1156 640
933 1177 646
954 1187 651
965 1208 656
985 1218 661
1006 1229 666
1027 1250 672
1048 1260 677
1069 1270 682
1090 1281 687
1110 1281 693
1131 1291 698
1163 1302 703
1173 1312 708
1183 1323 713
1204 1323 719
1215 1333 724
1225 1333 729
1235 1333 734
1246 1333 739
1267 1333 745
1277 1333 750
1288 1323 755
1288 1302 760
1298 1291 765
1298 1270 771
1298 1166 776
1298 1135 781
1288 1093 786
1288 1062 792
1277 979 797
1267 937 802
1256 906 807
1246 864 812
1235 833 818
1235 791 823
1225 760 828
1225 729 833
1225 708 838
1215 687 844
1215 645 849
1225 635 854
1225 625 859
1235 625 864
1235 625 870
1235 635 875
1246 645 880
1246 656 885
1256 677 890
.PEN_UP

.PEN_DOWN
1860 1531 1208
1850 1541 1213
1840 1541 1218
1829 1552 1224
1819 1552 1229
1819 1541 1234
1819 1531 1239
1808 1500 1244
1808 1479 1250
1798 1458 1255
1798 1416 1260
1788 1385 1265
1777 1354 1270
1777 1312 1276
1777 1270 1281
1767 1239 1286
1756 1198 1291
1756 1145 1297
1756 1052 1302
1756 1020 1307
1767 1000 1312
1767 968 1317
1777 948 1323
1788 927 1328
1808 916 1333
1819 906 1338
1829 895 1343
1913 895 1349
1944 906 1354
1965 916 1359
1975 927 1364
2006 948 1369
2017 968 1375
2038 979 1380
2058 1000 1385
2079 1010 1390
2090 1031 1396
2100 1041 1401
2100 1062 1406
2100 1104 1411
2100 1114 1416
2090 1125 1422
2079 1135 1427
2079 1145 1432
2027 1145 1437
2006 1145 1442
1985 1135 1448
1933 1114 1453
1913 1104 1458
1881 1093 1463
1871 1083 1468
1840 1073 1474
1819 1062 1479
1808 1052 1484
1788 1041 1489
1777 1041 1494
1767 1031 1500
1767 1020 1505
1767 1020 1510
1767 1020 1515
1767 1031 1520
.PEN_UP

.PEN_DOWN
2319 1635 1757
2319 1635 1762
2319 1645 1767
2319 1562 1773
2308 1541 1778
2308 1520 1783
2308 1500 1788
2308 1479 1793
2308 1448 1799
2308 1406 1804
2308 1395 1809
2308 1395 1814
2319 1385 1820
2329 1375 1825
2329 1375 1830
2340 1375 1835
2340 1375 1840
2371 1375 1846
2381 1375 1851
2402 1364 1856
2413 1364 1861
2423 1364 1866
2433 1364 1872
2444 1364 1877
2454 1354 1882
2475 1343 1887
2485 1343 1892
2496 1333 1898
2506 1323 1903
2517 1312 1908
2538 1302 1913
2548 1291 1918
2558 1270 1924
2569 1260 1929
2569 1250 1934
2579 1229 1939
2579 1198 1944
2579 1135 1950
2569 1114 1955
2558 1083 1960
2548 1062 1965
2538 1052 1971
2527 1031 1976
2506 1031 1981
2496 1020 1986
2485 1010 1991
2475 1010 1997
2423 1010 2002
2402 1020 2007
2371 1031 2012
2360 1052 2017
2340 1062 2023
.PEN_UP

.PEN_DOWN
2319 1593 2252
2319 1593 2257
2329 1604 2262
2329 1604 2268
2340 1604 2273
2360 1614 2278
2371 1625 2283
2381 1635 2288
2402 1635 2294
2433 1656 2299
2454 1666 2304
2485 1677 2309
2506 1677 2314
2527 1687 2320
2548 1698 2325
2569 1708 2330
2590 1718 2335
2610 1729 2341
2642 1729 2346
.PEN_UP

.PEN_DOWN
2860 1802 2472
2860 1802 2477
2860 1802 2482
2860 1812 2488
2860 1812 2493
2871 1823 2498
2892 1823 2503
2902 1843 2508
2954 1843 2514
2985 1854 2519
2996 1864 2524
3027 1875 2529
3038 1885 2534
3069 1895 2540
3090 1906 2545
3110 1916 2550
3131 1927 2555
3152 1927 2561
3163 1937 2566
3183 1948 2571
3204 1958 2576
3215 1958 2581
3235 1968 2587
3246 1968 2592
3256 1968 2597
3308 1968 2602
3319 1968 2607
3340 1948 2613
3350 1937 2618
3360 1927 2623
3371 1916 2628
3371 1895 2633
3371 1812 2639
3371 1781 2644
3360 1750 2649
3350 1708 2654
3340 1614 2660
3308 1573 2665
3298 1520 2670
3288 1479 2675
3267 1448 2680
3256 1416 2686
3256 1375 2691
3246 1354 2696
3246 1281 2701
3256 1260 2706
3256 1250 2712
3277 1198 2717
.PEN_UP

.COMMENT End of File
