.VERSION 1.0
.COMMENT File s145i01

.COMMENT See "A Comparison of Approaches to On-line
              Handwritten Character Recognition"
             (Rob Kassel, MIT PhD Thesis, 1995)
             for complete specifications and
             benchmarks on this data.

.DATA_SOURCE MIT_LCS_SLS
.DATA_ID MIT_Natural_Handprint_95

.DATA_CONTACT
 Name: Rob Kassel
 Email: rob@goldilocks.lcs.mit.edu
 Phone: 1-617-253-3049
 Fax: 1-617-258-8642
 Address: Spoken Language Systems Group
          Laboratory for Computer Science
          Massachusetts Institute of Technology
          Room NE43-601
          Cambridge, MA  02139, USA

.SETUP
 Site: MIT
 Writer motivation: Paid
 Writer physical position: Seated at desk
 Instructions given to the writer: Minimal; printing required;
  capitalize initial letter; no correcting; writing to be
  examined later.
 Prompting: Aural prompts, both string and spelled
 Recognizer feedback: no
 Form layout: large writing area, no guides, minimal left/right bias

.DATA_INFO
 Alphabet: English alphanumerics plus symbols to indicate
           connections, ligatures, embellishments, and pen skips
.PAD
 Machine name: Wacom 648A
 Brand: Wacom
 Type: 648A
 Serial Nr.: 160039
 Sensor: Electromagnetic, wireless pen
 Pen: Untethered, tip switch only
 Driver: Mircosoft Windows for Pen Computing V1.0
 Sampling mode: Using Microsoft Visual Basic 2.0 controls
 Sampling rate: 193 Hz
 Resolution: 0.001 inches/unit
 Accuracy: 0.01 inches
 Display: Backlit LCD screen, 640x480
 Inking: 1 pixel wide black on white
.X_DIM 4975
.Y_DIM 3058
.X_POINTS_PER_INCH 100
.Y_POINTS_PER_INCH 100

.ALPHABET "A" "B" "C" "D" "E" "F" "G"
          "H" "I" "J" "K" "L" "M" "N"
          "O" "P" "Q" "R" "S" "T" "U"
          "V" "W" "X" "Y" "Z"
          "a" "b" "c" "d" "e" "f" "g"
          "h" "i" "j" "k" "l" "m" "n"
          "o" "p" "q" "r" "s" "t" "u"
          "v" "w" "x" "y" "z"
          "0" "1" "2" "3" "4"
          "5" "6" "7" "8" "9"
          "!" "&" "*" "+" 

.WRITER_ID 145
.STYLE PRINTED
.HAND R
.AGE 19
.SEX M
.WRITER_INFO
 Group: Evaluation
 Weight: 150
 Student: Yes
 Where educated: TX
 Home language: English & Chinese
 Name: Alexander

.COORD X Y T
.HIERARCHY WORD
.SEGMENT WORD 0-10 ? "UNTRANSCRIBED!!!"

.COMMENT Prompt string: ""
.COMMENT Recognizer string: "Al?xarder"
.COMMENT Transcriber Comment: "Unchecked and unaligned transcription."

.PEN_DOWN
742 2723 0
742 2733 5
731 2733 10
731 2743 16
731 2723 21
731 2723 26
731 2712 31
731 2691 36
721 2681 42
721 2670 47
721 2660 52
710 2629 57
700 2608 62
700 2587 68
690 2577 73
690 2556 78
679 2545 83
679 2535 89
679 2525 94
679 2514 99
679 2514 104
679 2504 109
679 2504 115
679 2504 120
679 2514 125
679 2525 130
690 2535 135
690 2566 141
700 2587 146
700 2608 151
710 2650 156
710 2670 161
721 2691 167
721 2712 172
731 2733 177
742 2754 182
752 2764 188
752 2775 193
752 2775 198
752 2785 203
752 2785 208
763 2785 214
763 2795 219
763 2785 224
763 2785 229
763 2775 234
773 2764 240
773 2723 245
773 2681 250
773 2660 255
773 2629 260
773 2608 266
783 2587 271
783 2577 276
794 2566 281
794 2556 286
794 2556 292
794 2545 297
804 2535 302
804 2535 307
804 2535 312
804 2535 318
.PEN_UP

.PEN_DOWN
710 2587 495
690 2587 500
690 2587 505
690 2598 511
721 2598 516
731 2598 521
742 2598 526
752 2598 531
752 2598 537
763 2608 542
783 2608 547
783 2618 552
.PEN_UP

.PEN_DOWN
856 2764 659
856 2775 664
856 2775 669
856 2733 675
846 2691 680
846 2670 685
835 2660 690
835 2639 695
835 2608 701
835 2598 706
835 2577 711
835 2566 716
835 2566 722
.PEN_UP

.PEN_DOWN
888 2587 879
877 2587 884
898 2587 889
919 2587 895
919 2598 900
929 2598 905
929 2598 910
940 2608 915
950 2608 921
950 2608 926
950 2618 931
950 2618 936
950 2629 942
950 2629 947
950 2639 952
940 2639 957
940 2650 962
919 2650 968
908 2650 973
898 2639 978
898 2639 983
888 2629 988
888 2629 994
888 2618 999
877 2608 1004
877 2577 1009
888 2577 1014
898 2577 1020
898 2566 1025
908 2566 1030
908 2556 1035
919 2556 1040
929 2556 1046
940 2556 1051
960 2556 1056
981 2556 1061
.PEN_UP

.PEN_DOWN
1002 2639 1264
1002 2639 1269
1002 2629 1274
1013 2618 1280
1013 2618 1285
1013 2608 1290
1023 2598 1295
1033 2587 1300
1033 2587 1306
1044 2577 1311
1044 2577 1316
1054 2577 1321
1054 2566 1326
1065 2566 1332
1065 2566 1337
1065 2566 1342
.PEN_UP

.PEN_DOWN
1085 2650 1374
1075 2650 1379
1065 2639 1384
1065 2639 1390
1065 2639 1395
1054 2629 1400
1054 2629 1405
1044 2618 1410
1033 2608 1416
1033 2608 1421
1033 2598 1426
1023 2598 1431
1023 2598 1436
1013 2587 1442
1013 2577 1447
1013 2577 1452
1013 2566 1457
.PEN_UP

.PEN_DOWN
1148 2629 1593
1138 2629 1598
1138 2629 1603
1138 2629 1609
1127 2639 1614
1127 2639 1619
1127 2639 1624
1117 2639 1629
1117 2639 1635
1106 2629 1640
1106 2629 1645
1096 2618 1650
1096 2618 1656
1096 2608 1661
1096 2598 1666
1096 2598 1671
1096 2587 1676
1096 2587 1682
1106 2587 1687
1127 2587 1692
1127 2587 1697
1127 2587 1702
1148 2598 1708
1148 2598 1713
1148 2598 1718
1148 2598 1723
1148 2608 1728
1158 2608 1734
1158 2598 1739
1158 2598 1744
1169 2598 1749
1169 2587 1754
1179 2577 1760
1190 2577 1765
1190 2577 1770
.PEN_UP

.PEN_DOWN
1210 2608 1978
1210 2608 1983
1210 2608 1988
1210 2608 1994
1210 2598 1999
1210 2598 2004
1210 2598 2009
1210 2598 2014
1210 2598 2020
1221 2598 2025
1221 2608 2030
1221 2608 2035
1231 2618 2040
1231 2618 2046
1231 2629 2051
1231 2629 2056
1242 2629 2061
1242 2629 2067
1263 2629 2072
1263 2618 2077
1263 2608 2082
1263 2608 2087
1263 2608 2093
1263 2598 2098
1273 2598 2103
1273 2598 2108
1273 2598 2113
1283 2587 2119
.PEN_UP

.PEN_DOWN
1356 2629 2307
1346 2629 2312
1346 2629 2317
1325 2629 2323
1315 2629 2328
1315 2629 2333
1304 2618 2338
1304 2618 2343
1304 2618 2349
1304 2598 2354
1315 2587 2359
1325 2587 2364
1325 2587 2370
1356 2587 2375
1367 2587 2380
1377 2598 2385
1377 2598 2390
1377 2618 2396
1388 2629 2401
1388 2691 2406
1388 2702 2411
1388 2712 2416
1377 2733 2422
1377 2743 2427
1377 2743 2432
1377 2743 2437
.PEN_UP

.PEN_DOWN
1419 2608 2637
1429 2608 2642
1429 2618 2647
1440 2618 2653
1450 2618 2658
1450 2629 2663
1460 2629 2668
1471 2629 2673
1471 2629 2679
1471 2639 2684
1481 2639 2689
1481 2650 2694
1481 2660 2700
1481 2660 2705
1460 2660 2710
1460 2660 2715
1450 2660 2720
1440 2650 2726
1440 2639 2731
1429 2639 2736
1419 2629 2741
1408 2618 2746
1408 2587 2752
1408 2587 2757
1419 2577 2762
1419 2577 2767
1419 2577 2772
1471 2577 2778
1471 2577 2783
.PEN_UP

.PEN_DOWN
1523 2629 2966
1523 2629 2971
1523 2629 2976
1523 2629 2982
1513 2618 2987
1513 2608 2992
1513 2608 2997
1513 2598 3002
1513 2598 3008
1513 2598 3013
1502 2587 3018
1502 2587 3023
1502 2587 3028
1502 2577 3034
1502 2587 3039
1513 2598 3044
1513 2608 3049
1513 2608 3055
1513 2618 3060
1533 2639 3065
1544 2639 3070
1544 2650 3075
1554 2650 3081
1554 2650 3086
1565 2660 3091
1565 2660 3096
1575 2660 3101
1585 2660 3107
.PEN_UP

.COMMENT End of File
