.VERSION 1.0
.COMMENT File s145n07

.COMMENT See "A Comparison of Approaches to On-line
              Handwritten Character Recognition"
             (Rob Kassel, MIT PhD Thesis, 1995)
             for complete specifications and
             benchmarks on this data.

.DATA_SOURCE MIT_LCS_SLS
.DATA_ID MIT_Natural_Handprint_95

.DATA_CONTACT
 Name: Rob Kassel
 Email: rob@goldilocks.lcs.mit.edu
 Phone: 1-617-253-3049
 Fax: 1-617-258-8642
 Address: Spoken Language Systems Group
          Laboratory for Computer Science
          Massachusetts Institute of Technology
          Room NE43-601
          Cambridge, MA  02139, USA

.SETUP
 Site: MIT
 Writer motivation: Paid
 Writer physical position: Seated at desk
 Instructions given to the writer: Minimal; printing required;
  capitalize initial letter; no correcting; writing to be
  examined later.
 Prompting: Aural prompts, both string and spelled
 Recognizer feedback: no
 Form layout: large writing area, no guides, minimal left/right bias

.DATA_INFO
 Alphabet: English alphanumerics plus symbols to indicate
           connections, ligatures, embellishments, and pen skips
.PAD
 Machine name: Wacom 648A
 Brand: Wacom
 Type: 648A
 Serial Nr.: 160039
 Sensor: Electromagnetic, wireless pen
 Pen: Untethered, tip switch only
 Driver: Mircosoft Windows for Pen Computing V1.0
 Sampling mode: Using Microsoft Visual Basic 2.0 controls
 Sampling rate: 193 Hz
 Resolution: 0.001 inches/unit
 Accuracy: 0.01 inches
 Display: Backlit LCD screen, 640x480
 Inking: 1 pixel wide black on white
.X_DIM 4975
.Y_DIM 3058
.X_POINTS_PER_INCH 100
.Y_POINTS_PER_INCH 100

.ALPHABET "A" "B" "C" "D" "E" "F" "G"
          "H" "I" "J" "K" "L" "M" "N"
          "O" "P" "Q" "R" "S" "T" "U"
          "V" "W" "X" "Y" "Z"
          "a" "b" "c" "d" "e" "f" "g"
          "h" "i" "j" "k" "l" "m" "n"
          "o" "p" "q" "r" "s" "t" "u"
          "v" "w" "x" "y" "z"
          "0" "1" "2" "3" "4"
          "5" "6" "7" "8" "9"
          "!" "&" "*" "+" 

.WRITER_ID 145
.STYLE PRINTED
.HAND R
.AGE 19
.SEX M
.WRITER_INFO
 Group: Evaluation
 Weight: 150
 Student: Yes
 Where educated: TX
 Home language: English & Chinese
 Name: Alexander

.COORD X Y T
.HIERARCHY WORD LETTER
.SEGMENT WORD 0-4 ? "02066"
.SEGMENT LETTER 0 ? "0"
.SEGMENT LETTER 1 ? "2"
.SEGMENT LETTER 2 ? "0"
.SEGMENT LETTER 3 ? "6"
.SEGMENT LETTER 4 ? "6"

.COMMENT Prompt string: "02066"
.COMMENT Recognizer string: "OLOGG"
.COMMENT Transcriber Comment: ""

.PEN_DOWN
1673 895 0
1663 906 5
1631 906 10
1631 895 16
1621 895 21
1610 895 26
1600 885 31
1579 875 36
1569 864 42
1558 843 47
1538 833 52
1527 802 57
1517 781 62
1496 760 68
1485 729 73
1475 687 78
1465 656 83
1454 625 89
1444 541 94
1433 510 99
1423 479 104
1423 385 109
1444 364 115
1444 343 120
1475 323 125
1485 312 130
1506 302 135
1579 302 141
1600 312 146
1621 323 151
1652 343 156
1683 364 161
1704 385 167
1735 416 172
1756 448 177
1777 479 182
1788 500 188
1819 531 193
1840 562 198
1871 635 203
1892 677 208
1902 708 214
1913 739 219
1923 781 224
1933 812 229
1933 885 234
1923 906 240
1913 927 245
1881 948 250
1860 948 255
1756 948 260
1725 937 266
1694 937 271
1673 927 276
1642 916 281
1621 906 286
1610 895 292
1579 875 297
1569 864 302
1569 843 307
1579 823 312
.PEN_UP

.PEN_DOWN
2058 895 549
2058 895 554
2048 895 559
2048 906 565
2048 895 570
2058 895 575
2058 885 580
2069 885 585
2079 875 591
2090 854 596
2090 833 601
2110 791 606
2110 770 612
2110 687 617
2110 666 622
2100 645 627
2090 614 632
2079 583 638
2069 552 643
2058 520 648
2048 479 653
2027 458 658
2006 448 664
1996 437 669
1996 427 674
1985 416 679
1975 416 684
1965 416 690
1965 406 695
1954 406 700
1944 406 705
1944 406 710
1944 406 716
1944 406 721
1954 395 726
1965 395 731
1975 395 736
1985 395 742
2038 395 747
2048 395 752
2079 395 757
2110 395 763
2142 395 768
2163 406 773
2194 416 778
2215 416 783
2235 416 789
2308 416 794
.PEN_UP

.PEN_DOWN
2423 750 879
2423 760 884
2402 760 889
2392 760 895
2392 760 900
2392 760 905
2381 739 910
2381 729 915
2371 708 921
2371 687 926
2350 666 931
2350 645 936
2340 614 942
2329 552 947
2319 520 952
2319 437 957
2329 406 962
2340 385 968
2340 364 973
2360 354 978
2371 333 983
2392 333 988
2444 333 994
2475 333 999
2496 343 1004
2517 354 1009
2538 375 1014
2558 395 1020
2579 406 1025
2590 437 1030
2600 458 1035
2610 479 1040
2621 500 1046
2631 562 1051
2631 614 1056
2621 635 1061
2610 656 1066
2600 666 1072
2590 677 1077
2569 687 1082
2558 698 1087
2538 698 1093
2444 698 1098
2423 698 1103
2402 687 1108
2392 687 1113
2381 687 1119
2360 677 1124
2360 677 1129
.PEN_UP

.PEN_DOWN
2756 656 1373
2725 666 1378
2715 666 1383
2704 677 1389
2704 677 1394
2704 687 1399
2704 687 1404
2704 687 1409
2704 677 1415
2704 666 1420
2694 656 1425
2694 645 1430
2694 625 1436
2694 604 1441
2694 573 1446
2683 520 1451
2683 500 1456
2683 468 1462
2673 437 1467
2673 375 1472
2673 354 1477
2683 333 1482
2683 312 1488
2694 302 1493
2704 291 1498
2735 281 1503
2798 281 1508
2808 281 1514
2840 291 1519
2850 312 1524
2871 323 1529
2881 343 1534
2902 354 1540
2902 375 1545
2913 395 1550
2913 416 1555
2913 427 1560
2902 437 1566
2892 437 1571
2881 448 1576
2840 448 1581
2808 437 1587
2777 427 1592
2767 416 1597
2746 406 1602
2735 395 1607
2715 395 1613
2704 375 1618
2704 375 1623
2704 364 1628
2704 364 1633
2725 364 1639
.PEN_UP

.PEN_DOWN
3069 677 1868
3058 687 1873
3038 687 1878
3027 687 1884
3017 687 1889
2985 687 1894
2975 687 1899
2965 677 1904
2954 666 1910
2933 645 1915
2923 635 1920
2902 625 1925
2902 604 1930
2902 583 1936
2892 562 1941
2892 541 1946
2892 479 1951
2902 458 1957
2902 437 1962
2923 406 1967
2944 385 1972
2954 375 1977
2975 354 1983
2985 343 1988
2996 343 1993
3048 343 1998
3069 343 2003
3079 354 2009
3090 364 2014
3110 385 2019
3121 395 2024
3121 427 2029
3110 437 2035
3100 448 2040
3090 458 2045
3079 468 2050
3079 468 2056
3058 479 2061
3006 479 2066
2996 479 2071
2985 479 2076
2965 468 2082
2944 468 2087
2933 458 2092
2923 448 2097
2913 437 2102
2913 437 2108
.PEN_UP

.COMMENT End of File
