.VERSION 1.0
.COMMENT File s145n12

.COMMENT See "A Comparison of Approaches to On-line
              Handwritten Character Recognition"
             (Rob Kassel, MIT PhD Thesis, 1995)
             for complete specifications and
             benchmarks on this data.

.DATA_SOURCE MIT_LCS_SLS
.DATA_ID MIT_Natural_Handprint_95

.DATA_CONTACT
 Name: Rob Kassel
 Email: rob@goldilocks.lcs.mit.edu
 Phone: 1-617-253-3049
 Fax: 1-617-258-8642
 Address: Spoken Language Systems Group
          Laboratory for Computer Science
          Massachusetts Institute of Technology
          Room NE43-601
          Cambridge, MA  02139, USA

.SETUP
 Site: MIT
 Writer motivation: Paid
 Writer physical position: Seated at desk
 Instructions given to the writer: Minimal; printing required;
  capitalize initial letter; no correcting; writing to be
  examined later.
 Prompting: Aural prompts, both string and spelled
 Recognizer feedback: no
 Form layout: large writing area, no guides, minimal left/right bias

.DATA_INFO
 Alphabet: English alphanumerics plus symbols to indicate
           connections, ligatures, embellishments, and pen skips
.PAD
 Machine name: Wacom 648A
 Brand: Wacom
 Type: 648A
 Serial Nr.: 160039
 Sensor: Electromagnetic, wireless pen
 Pen: Untethered, tip switch only
 Driver: Mircosoft Windows for Pen Computing V1.0
 Sampling mode: Using Microsoft Visual Basic 2.0 controls
 Sampling rate: 193 Hz
 Resolution: 0.001 inches/unit
 Accuracy: 0.01 inches
 Display: Backlit LCD screen, 640x480
 Inking: 1 pixel wide black on white
.X_DIM 4975
.Y_DIM 3058
.X_POINTS_PER_INCH 100
.Y_POINTS_PER_INCH 100

.ALPHABET "A" "B" "C" "D" "E" "F" "G"
          "H" "I" "J" "K" "L" "M" "N"
          "O" "P" "Q" "R" "S" "T" "U"
          "V" "W" "X" "Y" "Z"
          "a" "b" "c" "d" "e" "f" "g"
          "h" "i" "j" "k" "l" "m" "n"
          "o" "p" "q" "r" "s" "t" "u"
          "v" "w" "x" "y" "z"
          "0" "1" "2" "3" "4"
          "5" "6" "7" "8" "9"
          "!" "&" "*" "+" 

.WRITER_ID 145
.STYLE PRINTED
.HAND R
.AGE 19
.SEX M
.WRITER_INFO
 Group: Evaluation
 Weight: 150
 Student: Yes
 Where educated: TX
 Home language: English & Chinese
 Name: Alexander

.COORD X Y T
.HIERARCHY WORD LETTER
.SEGMENT WORD 0-4 ? "60839"
.SEGMENT LETTER 0 ? "6"
.SEGMENT LETTER 1 ? "0"
.SEGMENT LETTER 2 ? "8"
.SEGMENT LETTER 3 ? "3"
.SEGMENT LETTER 4 ? "9"

.COMMENT Prompt string: "60839"
.COMMENT Recognizer string: "60839"
.COMMENT Transcriber Comment: ""

.PEN_DOWN
423 2093 0
423 2093 5
423 2104 10
423 2104 16
413 2114 21
402 2114 26
402 2114 31
392 2114 36
392 2114 42
392 2114 47
392 2114 52
381 2114 57
381 2114 62
381 2114 68
381 2104 73
371 2093 78
360 2093 83
360 2093 89
350 2073 94
340 2062 99
329 2052 104
319 2031 109
319 2020 115
308 2000 120
308 1979 125
298 1937 130
277 1916 135
277 1895 141
267 1864 146
256 1843 151
256 1812 156
246 1781 161
235 1750 167
235 1718 172
235 1687 177
225 1656 182
225 1479 188
225 1448 193
225 1427 198
235 1395 203
235 1364 208
246 1333 214
246 1312 219
256 1291 224
267 1270 229
298 1229 234
308 1208 240
319 1187 245
340 1166 250
360 1145 255
371 1135 260
381 1125 266
402 1114 271
433 1104 276
475 1104 281
527 1104 286
548 1104 292
579 1114 297
600 1125 302
621 1125 307
642 1135 312
663 1145 318
683 1156 323
715 1166 328
725 1187 333
746 1198 339
756 1208 344
777 1229 349
798 1260 354
819 1270 359
829 1291 365
829 1302 370
840 1323 375
840 1343 380
840 1385 385
840 1395 391
840 1406 396
819 1427 401
808 1437 406
798 1448 411
777 1458 417
767 1458 422
746 1458 427
663 1458 432
631 1448 438
610 1437 443
558 1427 448
538 1416 453
506 1406 458
485 1395 464
465 1385 469
444 1375 474
423 1364 479
402 1354 484
392 1343 490
381 1333 495
371 1323 500
360 1312 505
360 1312 510
360 1312 516
381 1312 521
.PEN_UP

.PEN_DOWN
1267 1958 1264
1256 1968 1269
1246 1968 1274
1246 1979 1280
1235 1979 1285
1204 1979 1290
1204 1979 1295
1194 1979 1300
1194 1968 1306
1183 1968 1311
1173 1968 1316
1173 1958 1321
1163 1937 1326
1152 1906 1332
1142 1895 1337
1121 1875 1342
1110 1854 1347
1100 1823 1353
1090 1791 1358
1079 1770 1363
1069 1739 1368
1069 1708 1373
1058 1677 1379
1058 1645 1384
1048 1583 1389
1048 1552 1394
1038 1531 1399
1038 1500 1405
1038 1416 1410
1048 1385 1415
1048 1364 1420
1048 1333 1425
1058 1302 1431
1058 1260 1436
1079 1239 1441
1090 1229 1446
1100 1198 1452
1110 1177 1457
1131 1156 1462
1142 1145 1467
1152 1145 1472
1173 1135 1478
1194 1135 1483
1235 1135 1488
1288 1145 1493
1308 1156 1498
1329 1177 1504
1350 1198 1509
1381 1218 1514
1402 1250 1519
1423 1281 1524
1444 1312 1530
1454 1333 1535
1475 1364 1540
1485 1395 1545
1496 1427 1550
1506 1489 1556
1506 1583 1561
1506 1625 1566
1496 1656 1571
1496 1677 1576
1485 1708 1582
1475 1739 1587
1454 1770 1592
1444 1802 1597
1433 1823 1603
1402 1854 1608
1392 1875 1613
1381 1875 1618
1360 1885 1623
1350 1895 1629
1329 1895 1634
1288 1916 1639
1267 1916 1644
1246 1916 1649
1173 1916 1655
1183 1906 1660
.PEN_UP

.PEN_DOWN
1913 1864 2307
1902 1864 2312
1902 1864 2317
1902 1864 2323
1902 1875 2328
1892 1875 2333
1881 1875 2338
1881 1875 2343
1871 1875 2349
1871 1875 2354
1850 1875 2359
1840 1875 2364
1829 1875 2370
1819 1875 2375
1819 1864 2380
1808 1864 2385
1798 1864 2390
1798 1864 2396
1788 1854 2401
1788 1854 2406
1767 1833 2411
1767 1833 2416
1767 1812 2422
1756 1791 2427
1756 1791 2432
1756 1760 2437
1756 1750 2442
1767 1729 2448
1767 1718 2453
1777 1708 2458
1788 1708 2463
1788 1698 2468
1808 1666 2474
1829 1656 2479
1840 1645 2484
1840 1635 2489
1850 1614 2494
1860 1604 2500
1871 1593 2505
1892 1562 2510
1892 1541 2515
1902 1520 2521
1913 1500 2526
1923 1479 2531
1923 1468 2536
1933 1458 2541
1933 1437 2547
1933 1427 2552
1933 1343 2557
1933 1323 2562
1933 1302 2567
1923 1291 2573
1923 1281 2578
1913 1270 2583
1913 1270 2588
1902 1260 2593
1892 1250 2599
1881 1239 2604
1871 1229 2609
1860 1218 2614
1850 1208 2620
1840 1198 2625
1808 1187 2630
1798 1177 2635
1788 1177 2640
1767 1177 2646
1725 1177 2651
1715 1177 2656
1704 1187 2661
1704 1187 2666
1694 1218 2672
1683 1229 2677
1683 1270 2682
1694 1291 2687
1694 1312 2692
1704 1343 2698
1715 1375 2703
1725 1406 2708
1746 1448 2713
1756 1489 2718
1777 1520 2724
1808 1593 2729
1829 1625 2734
1840 1656 2739
1850 1677 2744
1860 1698 2750
1881 1729 2755
1881 1750 2760
1892 1770 2765
1902 1791 2771
1902 1802 2776
1913 1812 2781
1923 1823 2786
1923 1843 2791
1923 1875 2797
1923 1875 2802
1923 1885 2807
1923 1885 2812
.PEN_UP

.PEN_DOWN
2173 1729 3516
2173 1729 3521
2173 1739 3526
2173 1750 3532
2183 1750 3537
2194 1760 3542
2194 1760 3547
2204 1770 3552
2225 1770 3558
2246 1781 3563
2267 1781 3568
2288 1781 3573
2308 1791 3578
2340 1791 3584
2402 1791 3589
2413 1791 3594
2423 1781 3599
2433 1781 3605
2433 1770 3610
2423 1760 3615
2423 1750 3620
2402 1739 3625
2392 1729 3631
2381 1718 3636
2371 1708 3641
2350 1698 3646
2319 1677 3651
2308 1666 3657
2298 1666 3662
2288 1656 3667
2277 1645 3672
2267 1645 3677
2267 1635 3683
2267 1625 3688
2277 1625 3693
2288 1614 3698
2298 1604 3704
2308 1604 3709
2319 1593 3714
2340 1583 3719
2350 1583 3724
2360 1573 3730
2381 1562 3735
2392 1552 3740
2402 1552 3745
2413 1531 3750
2423 1520 3756
2444 1500 3761
2444 1489 3766
2454 1479 3771
2465 1468 3776
2475 1448 3782
2475 1448 3787
2485 1427 3792
2485 1375 3797
2485 1354 3802
2475 1312 3808
2465 1291 3813
2454 1270 3818
2444 1250 3823
2444 1229 3828
2423 1187 3834
2402 1166 3839
2392 1145 3844
2381 1135 3849
2371 1125 3855
2350 1104 3860
2329 1093 3865
2308 1083 3870
2298 1083 3875
2288 1083 3881
2277 1073 3886
2256 1073 3891
2246 1073 3896
2152 1073 3901
2152 1073 3907
2131 1073 3912
2131 1083 3917
2142 1083 3922
2142 1083 3927
2173 1093 3933
2183 1104 3938
.PEN_UP

.PEN_DOWN
2923 1687 4285
2923 1687 4290
2913 1708 4295
2913 1708 4301
2913 1708 4306
2902 1718 4311
2902 1718 4316
2892 1729 4321
2840 1729 4327
2829 1718 4332
2798 1708 4337
2777 1708 4342
2756 1698 4348
2735 1687 4353
2725 1677 4358
2704 1656 4363
2694 1645 4368
2673 1625 4374
2663 1614 4379
2663 1593 4384
2652 1573 4389
2652 1520 4394
2663 1510 4400
2663 1500 4405
2683 1489 4410
2694 1479 4415
2715 1479 4420
2735 1479 4426
2798 1479 4431
2808 1479 4436
2850 1489 4441
2860 1500 4446
2881 1500 4452
2892 1520 4457
2902 1531 4462
2902 1541 4467
2913 1552 4472
2913 1562 4478
2913 1666 4483
2913 1666 4488
2913 1666 4493
2913 1614 4499
2913 1593 4504
2913 1562 4509
2913 1312 4514
2913 1281 4519
2913 1260 4525
2923 1229 4530
2923 1198 4535
2923 1166 4540
2933 1145 4545
2933 1125 4551
2954 1093 4556
2954 1073 4561
2954 1000 4566
2944 1000 4571
2944 989 4577
2933 979 4582
2933 968 4587
.PEN_UP

.COMMENT End of File
