.VERSION 1.0
.COMMENT File s145n17

.COMMENT See "A Comparison of Approaches to On-line
              Handwritten Character Recognition"
             (Rob Kassel, MIT PhD Thesis, 1995)
             for complete specifications and
             benchmarks on this data.

.DATA_SOURCE MIT_LCS_SLS
.DATA_ID MIT_Natural_Handprint_95

.DATA_CONTACT
 Name: Rob Kassel
 Email: rob@goldilocks.lcs.mit.edu
 Phone: 1-617-253-3049
 Fax: 1-617-258-8642
 Address: Spoken Language Systems Group
          Laboratory for Computer Science
          Massachusetts Institute of Technology
          Room NE43-601
          Cambridge, MA  02139, USA

.SETUP
 Site: MIT
 Writer motivation: Paid
 Writer physical position: Seated at desk
 Instructions given to the writer: Minimal; printing required;
  capitalize initial letter; no correcting; writing to be
  examined later.
 Prompting: Aural prompts, both string and spelled
 Recognizer feedback: no
 Form layout: large writing area, no guides, minimal left/right bias

.DATA_INFO
 Alphabet: English alphanumerics plus symbols to indicate
           connections, ligatures, embellishments, and pen skips
.PAD
 Machine name: Wacom 648A
 Brand: Wacom
 Type: 648A
 Serial Nr.: 160039
 Sensor: Electromagnetic, wireless pen
 Pen: Untethered, tip switch only
 Driver: Mircosoft Windows for Pen Computing V1.0
 Sampling mode: Using Microsoft Visual Basic 2.0 controls
 Sampling rate: 193 Hz
 Resolution: 0.001 inches/unit
 Accuracy: 0.01 inches
 Display: Backlit LCD screen, 640x480
 Inking: 1 pixel wide black on white
.X_DIM 4975
.Y_DIM 3058
.X_POINTS_PER_INCH 100
.Y_POINTS_PER_INCH 100

.ALPHABET "A" "B" "C" "D" "E" "F" "G"
          "H" "I" "J" "K" "L" "M" "N"
          "O" "P" "Q" "R" "S" "T" "U"
          "V" "W" "X" "Y" "Z"
          "a" "b" "c" "d" "e" "f" "g"
          "h" "i" "j" "k" "l" "m" "n"
          "o" "p" "q" "r" "s" "t" "u"
          "v" "w" "x" "y" "z"
          "0" "1" "2" "3" "4"
          "5" "6" "7" "8" "9"
          "!" "&" "*" "+" 

.WRITER_ID 145
.STYLE PRINTED
.HAND R
.AGE 19
.SEX M
.WRITER_INFO
 Group: Evaluation
 Weight: 150
 Student: Yes
 Where educated: TX
 Home language: English & Chinese
 Name: Alexander

.COORD X Y T
.HIERARCHY WORD LETTER
.SEGMENT WORD 0-4 ? "23687"
.SEGMENT LETTER 0 ? "2"
.SEGMENT LETTER 1 ? "3"
.SEGMENT LETTER 2 ? "6"
.SEGMENT LETTER 3 ? "8"
.SEGMENT LETTER 4 ? "7"

.COMMENT Prompt string: "23687"
.COMMENT Recognizer string: "2368?"
.COMMENT Transcriber Comment: ""

.PEN_DOWN
204 2020 0
204 2020 5
204 2020 10
204 2020 16
204 2031 21
204 2031 26
204 2031 31
215 2041 36
215 2041 42
225 2052 47
225 2052 52
235 2062 57
235 2062 62
246 2073 68
256 2073 73
267 2073 78
277 2073 83
298 2083 89
319 2083 94
329 2083 99
340 2093 104
371 2093 109
381 2083 115
392 2083 120
423 2083 125
423 2083 130
433 2073 135
454 2062 141
465 2041 146
475 2031 151
475 2020 156
496 2000 161
496 1979 167
506 1958 172
506 1937 177
517 1927 182
527 1885 188
538 1843 193
538 1770 198
527 1739 203
527 1718 208
517 1687 214
506 1666 219
496 1656 224
485 1635 229
475 1614 234
465 1583 240
444 1573 245
433 1552 250
413 1531 255
402 1520 260
392 1510 266
392 1500 271
381 1500 276
371 1489 281
360 1479 286
350 1468 292
350 1458 297
350 1458 302
350 1458 307
350 1448 312
350 1448 318
350 1437 323
350 1437 328
350 1427 333
340 1427 339
340 1427 344
340 1427 349
340 1416 354
340 1416 359
329 1416 365
329 1406 370
329 1406 375
329 1406 380
329 1406 385
319 1395 391
319 1385 396
319 1385 401
319 1385 406
308 1385 411
308 1385 417
298 1385 422
298 1385 427
298 1375 432
298 1375 438
298 1385 443
298 1385 448
298 1385 453
308 1385 458
308 1385 464
319 1395 469
319 1395 474
329 1406 479
340 1406 484
350 1406 490
360 1406 495
402 1406 500
433 1395 505
444 1395 510
454 1395 516
475 1385 521
496 1385 526
517 1375 531
538 1375 536
548 1375 542
558 1364 547
569 1364 552
600 1364 557
673 1364 562
694 1364 568
704 1364 573
756 1364 578
756 1364 583
767 1364 589
767 1375 594
767 1375 599
.PEN_UP

.PEN_DOWN
1215 1937 1318
1204 1937 1323
1204 1937 1328
1204 1937 1334
1204 1937 1339
1204 1948 1344
1225 1948 1349
1235 1937 1354
1277 1937 1360
1288 1937 1365
1308 1937 1370
1319 1937 1375
1329 1937 1380
1329 1927 1386
1329 1927 1391
1329 1906 1396
1329 1906 1401
1319 1895 1407
1308 1885 1412
1298 1875 1417
1298 1875 1422
1288 1864 1427
1277 1854 1433
1277 1854 1438
1267 1833 1443
1256 1823 1448
1246 1823 1453
1235 1812 1459
1225 1802 1464
1225 1791 1469
1225 1781 1474
1235 1781 1479
1235 1770 1485
1246 1760 1490
1256 1760 1495
1256 1750 1500
1267 1739 1506
1277 1729 1511
1298 1718 1516
1308 1708 1521
1329 1698 1526
1340 1687 1532
1350 1677 1537
1360 1666 1542
1371 1635 1547
1392 1625 1552
1392 1604 1558
1392 1583 1563
1402 1573 1568
1402 1520 1573
1402 1500 1578
1392 1489 1584
1392 1468 1589
1371 1448 1594
1371 1427 1599
1340 1395 1604
1329 1364 1610
1308 1354 1615
1288 1333 1620
1277 1333 1625
1256 1323 1630
1235 1312 1636
1225 1312 1641
1204 1302 1646
1183 1302 1651
1163 1302 1657
1121 1302 1662
1110 1302 1667
1090 1302 1672
1090 1323 1677
1090 1333 1683
.PEN_UP

.PEN_DOWN
1850 1864 2142
1840 1875 2147
1819 1875 2152
1808 1864 2158
1808 1864 2163
1798 1864 2168
1788 1854 2173
1777 1843 2178
1767 1833 2184
1756 1823 2189
1746 1802 2194
1725 1781 2199
1715 1729 2204
1683 1708 2210
1673 1677 2215
1663 1645 2220
1652 1625 2225
1642 1593 2231
1631 1562 2236
1631 1541 2241
1631 1479 2246
1631 1458 2251
1642 1448 2257
1663 1427 2262
1683 1416 2267
1694 1406 2272
1715 1406 2277
1725 1406 2283
1777 1406 2288
1798 1406 2293
1819 1406 2298
1829 1416 2303
1871 1427 2309
1881 1427 2314
1892 1437 2319
1902 1448 2324
1902 1458 2330
1902 1468 2335
1902 1479 2340
1892 1489 2345
1881 1489 2350
1860 1489 2356
1819 1489 2361
1808 1489 2366
1788 1489 2371
1767 1489 2376
1756 1479 2382
1735 1479 2387
1725 1468 2392
1715 1468 2397
1704 1458 2402
1683 1458 2408
1673 1448 2413
1673 1448 2418
1663 1448 2423
1663 1437 2428
1663 1437 2434
1652 1437 2439
1652 1437 2444
1652 1427 2449
1652 1427 2454
1663 1427 2460
1673 1427 2465
.PEN_UP

.PEN_DOWN
2444 1760 2746
2444 1781 2751
2444 1791 2756
2433 1791 2762
2433 1791 2767
2423 1802 2772
2423 1802 2777
2413 1802 2782
2413 1802 2788
2402 1812 2793
2350 1812 2798
2340 1802 2803
2329 1791 2808
2329 1791 2814
2319 1781 2819
2298 1770 2824
2288 1739 2829
2267 1729 2835
2256 1718 2840
2246 1708 2845
2235 1698 2850
2235 1645 2855
2246 1635 2861
2256 1625 2866
2288 1593 2871
2298 1573 2876
2308 1562 2881
2329 1552 2887
2340 1541 2892
2360 1520 2897
2371 1510 2902
2381 1500 2907
2392 1489 2913
2413 1479 2918
2423 1458 2923
2433 1427 2928
2444 1416 2934
2444 1375 2939
2444 1364 2944
2433 1343 2949
2423 1323 2954
2402 1312 2960
2392 1302 2965
2381 1281 2970
2360 1270 2975
2340 1260 2980
2308 1260 2986
2246 1260 2991
2235 1260 2996
2225 1270 3001
2225 1281 3006
2215 1291 3012
2215 1364 3017
2235 1427 3022
2246 1448 3027
2267 1479 3032
2288 1510 3038
2298 1541 3043
2329 1562 3048
2340 1593 3053
2360 1614 3058
2381 1635 3064
2402 1666 3069
2413 1677 3074
2433 1718 3079
2465 1729 3085
2485 1739 3090
2496 1750 3095
2496 1760 3100
2506 1770 3105
2506 1770 3111
2506 1770 3116
2506 1760 3121
.PEN_UP

.PEN_DOWN
2631 1770 3350
2631 1770 3355
2642 1770 3360
2642 1770 3366
2652 1781 3371
2663 1781 3376
2683 1781 3381
2704 1791 3386
2725 1791 3392
2746 1791 3397
2756 1791 3402
2777 1791 3407
2850 1791 3412
2850 1791 3418
2850 1791 3423
2860 1791 3428
2860 1791 3433
2860 1781 3439
2860 1781 3444
2871 1781 3449
2871 1781 3454
2871 1770 3459
2881 1770 3465
2892 1760 3470
2892 1750 3475
2892 1750 3480
2902 1739 3485
2902 1677 3491
2892 1666 3496
2892 1645 3501
2881 1604 3506
2871 1573 3511
2850 1552 3517
2850 1520 3522
2829 1500 3527
2819 1468 3532
2808 1448 3538
2798 1416 3543
2788 1385 3548
2777 1354 3553
2777 1333 3558
2767 1312 3564
2767 1270 3569
2756 1250 3574
2756 1208 3579
2756 1187 3584
2767 1177 3590
2767 1166 3595
2767 1156 3600
2767 1145 3605
2777 1145 3610
2788 1135 3616
2798 1125 3621
2808 1114 3626
2819 1114 3631
2819 1114 3636
.PEN_UP

.COMMENT End of File
