.VERSION 1.0
.COMMENT File s148i04

.COMMENT See "A Comparison of Approaches to On-line
              Handwritten Character Recognition"
             (Rob Kassel, MIT PhD Thesis, 1995)
             for complete specifications and
             benchmarks on this data.

.DATA_SOURCE MIT_LCS_SLS
.DATA_ID MIT_Natural_Handprint_95

.DATA_CONTACT
 Name: Rob Kassel
 Email: rob@goldilocks.lcs.mit.edu
 Phone: 1-617-253-3049
 Fax: 1-617-258-8642
 Address: Spoken Language Systems Group
          Laboratory for Computer Science
          Massachusetts Institute of Technology
          Room NE43-601
          Cambridge, MA  02139, USA

.SETUP
 Site: MIT
 Writer motivation: Paid
 Writer physical position: Seated at desk
 Instructions given to the writer: Minimal; printing required;
  capitalize initial letter; no correcting; writing to be
  examined later.
 Prompting: Aural prompts, both string and spelled
 Recognizer feedback: no
 Form layout: large writing area, no guides, minimal left/right bias

.DATA_INFO
 Alphabet: English alphanumerics plus symbols to indicate
           connections, ligatures, embellishments, and pen skips
.PAD
 Machine name: Wacom 648A
 Brand: Wacom
 Type: 648A
 Serial Nr.: 160039
 Sensor: Electromagnetic, wireless pen
 Pen: Untethered, tip switch only
 Driver: Mircosoft Windows for Pen Computing V1.0
 Sampling mode: Using Microsoft Visual Basic 2.0 controls
 Sampling rate: 193 Hz
 Resolution: 0.001 inches/unit
 Accuracy: 0.01 inches
 Display: Backlit LCD screen, 640x480
 Inking: 1 pixel wide black on white
.X_DIM 4975
.Y_DIM 3058
.X_POINTS_PER_INCH 100
.Y_POINTS_PER_INCH 100

.ALPHABET "A" "B" "C" "D" "E" "F" "G"
          "H" "I" "J" "K" "L" "M" "N"
          "O" "P" "Q" "R" "S" "T" "U"
          "V" "W" "X" "Y" "Z"
          "a" "b" "c" "d" "e" "f" "g"
          "h" "i" "j" "k" "l" "m" "n"
          "o" "p" "q" "r" "s" "t" "u"
          "v" "w" "x" "y" "z"
          "0" "1" "2" "3" "4"
          "5" "6" "7" "8" "9"
          "!" "&" "*" "+" 

.WRITER_ID 148
.STYLE PRINTED
.HAND R
.AGE 21
.SEX F
.WRITER_INFO
 Group: Training
 Weight: 130
 Student: Yes
 Where educated: England
 Home language: English
 Name: Lisa

.COORD X Y T
.HIERARCHY WORD
.SEGMENT WORD 0-9 ? "UNTRANSCRIBED!!!"

.COMMENT Prompt string: ""
.COMMENT Recognizer string: "-English"
.COMMENT Transcriber Comment: "Unchecked and unaligned transcription."

.PEN_DOWN
419 2785 0
419 2795 5
429 2795 10
440 2795 16
450 2806 21
481 2806 26
502 2806 31
513 2806 36
554 2806 42
.PEN_UP

.PEN_DOWN
450 2795 219
429 2795 224
429 2785 229
429 2785 235
429 2785 240
429 2775 245
419 2775 250
408 2764 255
398 2754 261
398 2743 266
388 2733 271
388 2723 276
388 2702 282
377 2681 287
377 2660 292
388 2650 297
388 2639 302
398 2629 308
398 2629 313
408 2629 318
440 2629 323
460 2639 328
481 2639 334
492 2639 339
502 2650 344
513 2650 349
523 2660 354
533 2660 360
.PEN_UP

.PEN_DOWN
398 2702 494
398 2702 499
398 2712 504
408 2712 510
429 2712 515
429 2723 520
440 2723 525
450 2723 530
471 2723 536
471 2723 541
.PEN_UP

.PEN_DOWN
554 2743 659
554 2754 664
554 2743 669
554 2743 675
554 2712 680
554 2702 685
554 2702 690
565 2681 695
565 2681 701
565 2670 706
565 2670 711
565 2670 716
565 2670 722
565 2670 727
565 2691 732
575 2702 737
575 2712 742
585 2723 748
596 2733 753
596 2733 758
606 2743 763
606 2754 768
617 2764 774
617 2764 779
627 2764 784
638 2764 789
638 2764 794
638 2764 800
638 2754 805
648 2754 810
648 2743 815
648 2733 820
648 2723 826
648 2723 831
648 2712 836
658 2702 841
669 2691 846
669 2691 852
669 2681 857
679 2681 862
679 2670 867
690 2670 873
.PEN_UP

.PEN_DOWN
815 2712 1098
804 2723 1103
804 2743 1108
804 2743 1114
794 2754 1119
794 2754 1124
794 2764 1129
794 2764 1134
783 2764 1140
773 2764 1145
742 2764 1150
731 2764 1155
721 2764 1160
710 2764 1166
700 2754 1171
690 2743 1176
690 2733 1181
690 2702 1187
700 2691 1192
700 2691 1197
700 2691 1202
710 2681 1207
721 2670 1213
721 2670 1218
752 2670 1223
773 2681 1228
773 2681 1233
783 2681 1239
794 2691 1244
804 2691 1249
804 2702 1254
804 2712 1259
804 2712 1265
804 2723 1270
804 2723 1275
804 2723 1280
815 2723 1286
815 2723 1291
825 2712 1296
825 2702 1301
825 2691 1306
825 2681 1312
835 2660 1317
835 2639 1322
835 2618 1327
835 2566 1332
835 2556 1338
835 2545 1343
825 2545 1348
825 2545 1353
825 2535 1358
804 2535 1364
794 2525 1369
773 2525 1374
742 2535 1379
742 2535 1384
721 2535 1390
710 2545 1395
710 2566 1400
.PEN_UP

.PEN_DOWN
888 2775 1647
877 2775 1652
877 2785 1657
877 2785 1663
877 2775 1668
877 2775 1673
888 2775 1678
888 2754 1683
888 2733 1689
888 2691 1694
888 2681 1699
888 2650 1704
888 2639 1710
898 2639 1715
.PEN_UP

.PEN_DOWN
971 2743 1867
971 2743 1872
971 2743 1877
971 2691 1883
971 2681 1888
981 2670 1893
981 2660 1898
981 2660 1903
981 2650 1909
992 2650 1914
992 2650 1919
992 2650 1924
.PEN_UP

.PEN_DOWN
960 2795 2032
960 2795 2037
960 2785 2042
.PEN_UP

.PEN_DOWN
1127 2754 2416
1117 2764 2421
1106 2764 2426
1106 2775 2432
1106 2775 2437
1085 2775 2442
1065 2775 2447
1054 2775 2452
1054 2764 2458
1044 2764 2463
1033 2764 2468
1033 2764 2473
1033 2764 2478
1033 2754 2484
1044 2743 2489
1044 2743 2494
1054 2743 2499
1054 2743 2505
1065 2733 2510
1075 2733 2515
1085 2733 2520
1085 2723 2525
1085 2723 2531
1096 2723 2536
1106 2712 2541
1106 2702 2546
1117 2702 2551
1117 2702 2557
1117 2681 2562
1117 2681 2567
1117 2670 2572
1106 2670 2577
1096 2660 2583
1085 2660 2588
1075 2650 2593
1065 2650 2598
1054 2650 2604
1033 2650 2609
.PEN_UP

.PEN_DOWN
1158 2816 2801
1158 2806 2806
1169 2795 2811
1169 2785 2817
1169 2785 2822
1169 2775 2827
1169 2764 2832
1179 2754 2837
1179 2723 2843
1179 2712 2848
1190 2702 2853
1190 2691 2858
1190 2681 2864
1190 2670 2869
1200 2670 2874
1210 2670 2879
1221 2670 2884
1231 2691 2890
1242 2702 2895
1242 2712 2900
1252 2723 2905
1263 2733 2910
1263 2743 2916
1273 2754 2921
1273 2754 2926
1283 2754 2931
1283 2764 2936
1283 2764 2942
1283 2754 2947
1283 2743 2952
1294 2743 2957
1294 2733 2962
1294 2723 2968
1294 2723 2973
1294 2712 2978
1304 2702 2983
1304 2691 2988
1304 2691 2994
1315 2681 2999
1315 2681 3004
1315 2670 3009
1325 2670 3015
1325 2670 3020
.PEN_UP

.COMMENT End of File
