.VERSION 1.0
.COMMENT File s148i02

.COMMENT See "A Comparison of Approaches to On-line
              Handwritten Character Recognition"
             (Rob Kassel, MIT PhD Thesis, 1995)
             for complete specifications and
             benchmarks on this data.

.DATA_SOURCE MIT_LCS_SLS
.DATA_ID MIT_Natural_Handprint_95

.DATA_CONTACT
 Name: Rob Kassel
 Email: rob@goldilocks.lcs.mit.edu
 Phone: 1-617-253-3049
 Fax: 1-617-258-8642
 Address: Spoken Language Systems Group
          Laboratory for Computer Science
          Massachusetts Institute of Technology
          Room NE43-601
          Cambridge, MA  02139, USA

.SETUP
 Site: MIT
 Writer motivation: Paid
 Writer physical position: Seated at desk
 Instructions given to the writer: Minimal; printing required;
  capitalize initial letter; no correcting; writing to be
  examined later.
 Prompting: Aural prompts, both string and spelled
 Recognizer feedback: no
 Form layout: large writing area, no guides, minimal left/right bias

.DATA_INFO
 Alphabet: English alphanumerics plus symbols to indicate
           connections, ligatures, embellishments, and pen skips
.PAD
 Machine name: Wacom 648A
 Brand: Wacom
 Type: 648A
 Serial Nr.: 160039
 Sensor: Electromagnetic, wireless pen
 Pen: Untethered, tip switch only
 Driver: Mircosoft Windows for Pen Computing V1.0
 Sampling mode: Using Microsoft Visual Basic 2.0 controls
 Sampling rate: 193 Hz
 Resolution: 0.001 inches/unit
 Accuracy: 0.01 inches
 Display: Backlit LCD screen, 640x480
 Inking: 1 pixel wide black on white
.X_DIM 4975
.Y_DIM 3058
.X_POINTS_PER_INCH 100
.Y_POINTS_PER_INCH 100

.ALPHABET "A" "B" "C" "D" "E" "F" "G"
          "H" "I" "J" "K" "L" "M" "N"
          "O" "P" "Q" "R" "S" "T" "U"
          "V" "W" "X" "Y" "Z"
          "a" "b" "c" "d" "e" "f" "g"
          "h" "i" "j" "k" "l" "m" "n"
          "o" "p" "q" "r" "s" "t" "u"
          "v" "w" "x" "y" "z"
          "0" "1" "2" "3" "4"
          "5" "6" "7" "8" "9"
          "!" "&" "*" "+" 

.WRITER_ID 148
.STYLE PRINTED
.HAND R
.AGE 21
.SEX F
.WRITER_INFO
 Group: Training
 Weight: 130
 Student: Yes
 Where educated: England
 Home language: English
 Name: Lisa

.COORD X Y T
.HIERARCHY WORD
.SEGMENT WORD 0-24 ? "UNTRANSCRIBED!!!"

.COMMENT Prompt string: ""
.COMMENT Recognizer string: "Brighl?, SUSS?I, c-ngland"
.COMMENT Transcriber Comment: "Unchecked and unaligned transcription."

.PEN_DOWN
273 2785 0
273 2785 5
263 2785 10
263 2785 16
273 2775 21
273 2775 26
273 2764 31
273 2712 36
273 2702 42
273 2670 47
273 2660 52
283 2650 57
283 2639 62
283 2629 68
283 2618 73
273 2618 78
.PEN_UP

.PEN_DOWN
210 2795 1565
210 2795 1570
210 2795 1575
210 2806 1581
210 2806 1586
210 2806 1591
210 2795 1596
210 2806 1601
221 2806 1607
221 2806 1612
231 2806 1617
242 2816 1622
252 2816 1628
263 2816 1633
273 2827 1638
273 2827 1643
294 2827 1648
304 2827 1654
315 2827 1659
325 2827 1664
325 2816 1669
335 2816 1674
335 2816 1680
335 2816 1685
335 2806 1690
335 2785 1695
335 2785 1700
335 2775 1706
325 2764 1711
325 2764 1716
315 2754 1721
304 2754 1726
294 2743 1732
294 2743 1737
294 2743 1742
283 2743 1747
283 2743 1752
294 2743 1758
294 2733 1763
294 2733 1768
294 2733 1773
294 2733 1779
304 2733 1784
325 2723 1789
335 2723 1794
346 2723 1799
346 2712 1805
356 2712 1810
367 2702 1815
377 2702 1820
377 2691 1825
377 2660 1831
367 2650 1836
367 2650 1841
356 2639 1846
346 2629 1851
325 2629 1857
315 2618 1862
294 2608 1867
283 2608 1872
263 2608 1878
221 2608 1883
221 2608 1888
221 2608 1893
221 2618 1898
221 2629 1904
221 2629 1909
242 2629 1914
.PEN_UP

.PEN_DOWN
388 2723 2334
388 2723 2339
388 2733 2344
388 2733 2350
388 2733 2355
388 2723 2360
388 2712 2365
388 2712 2370
398 2702 2376
398 2691 2381
398 2681 2386
398 2681 2391
398 2660 2396
408 2650 2402
408 2639 2407
408 2639 2412
408 2639 2417
408 2639 2423
408 2639 2428
398 2639 2433
398 2650 2438
398 2650 2443
388 2660 2449
377 2670 2454
377 2681 2459
377 2702 2464
377 2702 2469
377 2712 2475
388 2712 2480
408 2723 2485
408 2733 2490
429 2733 2495
429 2733 2501
450 2733 2506
450 2723 2511
.PEN_UP

.PEN_DOWN
502 2712 2828
502 2712 2833
502 2712 2838
502 2702 2844
513 2691 2849
513 2681 2854
513 2681 2859
513 2681 2864
513 2670 2870
523 2660 2875
533 2650 2880
533 2639 2885
533 2639 2890
533 2650 2896
.PEN_UP

.PEN_DOWN
492 2764 3048
481 2775 3053
481 2775 3058
481 2764 3064
.PEN_UP

.PEN_DOWN
638 2681 3213
638 2691 3218
627 2702 3223
627 2712 3229
617 2712 3234
617 2712 3239
606 2723 3244
585 2723 3249
575 2712 3255
575 2712 3260
565 2702 3265
554 2702 3270
554 2702 3276
554 2691 3281
554 2691 3286
554 2681 3291
554 2670 3296
565 2670 3302
565 2670 3307
565 2670 3312
575 2660 3317
575 2660 3322
596 2660 3328
596 2660 3333
606 2670 3338
617 2670 3343
617 2670 3348
617 2670 3354
617 2681 3359
627 2681 3364
627 2691 3369
627 2691 3374
627 2691 3380
627 2702 3385
627 2702 3390
627 2702 3395
638 2691 3400
638 2691 3406
638 2681 3411
648 2660 3416
648 2650 3421
648 2639 3427
648 2629 3432
658 2608 3437
658 2545 3442
648 2545 3447
648 2535 3453
638 2535 3458
627 2535 3463
617 2525 3468
606 2525 3473
565 2525 3479
554 2525 3484
544 2525 3489
533 2535 3494
523 2545 3499
523 2556 3505
.PEN_UP

.PEN_DOWN
638 2743 3707
648 2743 3712
648 2743 3717
648 2743 3723
648 2743 3728
658 2733 3733
658 2723 3738
658 2712 3743
658 2702 3749
669 2691 3754
669 2681 3759
669 2670 3764
679 2660 3770
679 2650 3775
679 2639 3780
690 2629 3785
690 2618 3790
690 2618 3796
690 2629 3801
700 2629 3806
700 2629 3811
710 2639 3816
721 2650 3822
721 2670 3827
721 2681 3832
731 2691 3837
742 2702 3842
742 2712 3848
742 2712 3853
752 2723 3858
752 2723 3863
763 2723 3868
763 2723 3874
773 2712 3879
773 2702 3884
773 2702 3889
773 2691 3894
783 2681 3900
783 2681 3905
783 2670 3910
794 2660 3915
794 2650 3921
794 2650 3926
794 2639 3931
804 2629 3936
804 2629 3941
815 2629 3947
.PEN_UP

.PEN_DOWN
856 2754 4091
856 2754 4096
856 2723 4101
856 2712 4107
856 2660 4112
856 2650 4117
856 2639 4122
856 2639 4127
856 2629 4133
867 2629 4138
.PEN_UP

.PEN_DOWN
815 2691 4311
815 2702 4316
825 2702 4321
835 2712 4327
846 2712 4332
846 2712 4337
856 2723 4342
877 2723 4347
888 2723 4353
898 2723 4358
919 2723 4363
919 2733 4368
929 2733 4374
940 2723 4379
940 2723 4384
940 2712 4389
929 2702 4394
929 2681 4400
929 2681 4405
929 2670 4410
929 2660 4415
929 2650 4420
929 2639 4426
940 2639 4431
971 2639 4436
981 2639 4441
981 2650 4446
1002 2660 4452
1002 2660 4457
1013 2670 4462
1023 2681 4467
1023 2702 4472
1013 2712 4478
1013 2723 4483
1013 2733 4488
992 2733 4493
992 2743 4498
981 2743 4504
950 2743 4509
940 2733 4514
919 2733 4519
919 2723 4525
908 2723 4530
908 2723 4535
919 2723 4540
919 2723 4545
940 2723 4551
950 2723 4556
960 2733 4561
971 2733 4566
1013 2733 4571
1013 2733 4577
1023 2733 4582
1033 2723 4587
1044 2723 4592
1044 2723 4597
1054 2702 4603
1054 2702 4608
1065 2702 4613
1065 2691 4618
1065 2681 4624
1065 2670 4629
1065 2650 4634
1065 2650 4639
1065 2639 4644
1075 2639 4650
1075 2639 4655
1075 2639 4660
1075 2650 4665
1085 2660 4670
1096 2660 4676
1096 2670 4681
1106 2681 4686
1106 2691 4691
1117 2702 4696
1138 2723 4702
1138 2723 4707
1148 2733 4712
1158 2733 4717
1169 2733 4722
1169 2733 4728
1169 2723 4733
1179 2712 4738
1179 2702 4743
1179 2702 4748
1190 2691 4754
1190 2681 4759
1190 2681 4764
1190 2670 4769
1190 2660 4775
1190 2650 4780
1200 2650 4785
1200 2639 4790
1200 2618 4795
.PEN_UP

.PEN_DOWN
1294 2639 5355
1294 2639 5360
1294 2639 5365
1294 2639 5371
1294 2618 5376
1294 2608 5381
1294 2598 5386
1283 2587 5391
1283 2577 5397
1273 2577 5402
1263 2566 5407
1252 2556 5412
1252 2545 5418
.PEN_UP

.PEN_DOWN
1554 2733 5794
1554 2743 5799
1554 2754 5804
1554 2775 5810
1554 2775 5815
1544 2785 5820
1544 2785 5825
1533 2785 5830
1513 2785 5836
1502 2785 5841
1492 2785 5846
1481 2775 5851
1471 2764 5856
1471 2754 5862
1471 2743 5867
1471 2743 5872
1481 2733 5877
1492 2723 5883
1513 2723 5888
1533 2712 5893
1544 2712 5898
1565 2702 5903
1575 2691 5909
1575 2691 5914
1585 2681 5919
1596 2681 5924
1596 2660 5929
1596 2650 5935
1596 2650 5940
1585 2639 5945
1575 2629 5950
1565 2618 5955
1554 2618 5961
1533 2618 5966
1502 2618 5971
1492 2618 5976
1492 2618 5982
1481 2629 5987
1481 2639 5992
.PEN_UP

.PEN_DOWN
1596 2723 6179
1596 2723 6184
1596 2681 6189
1596 2670 6195
1596 2650 6200
1617 2650 6205
1617 2639 6210
1627 2629 6215
1638 2629 6221
1648 2618 6226
1690 2618 6231
1710 2629 6236
1710 2629 6242
1731 2639 6247
1731 2639 6252
1742 2650 6257
1742 2650 6262
1742 2681 6268
1731 2681 6273
1721 2702 6278
1710 2702 6283
1710 2712 6288
1700 2723 6294
1700 2723 6299
1690 2723 6304
.PEN_UP

.PEN_DOWN
1825 2743 6508
1825 2743 6513
1825 2754 6518
1825 2754 6524
1815 2754 6529
1804 2754 6534
1804 2754 6539
1783 2754 6544
1783 2754 6550
1773 2754 6555
1763 2754 6560
1752 2743 6565
1752 2733 6570
1752 2733 6576
1752 2733 6581
1763 2723 6586
1773 2723 6591
1783 2723 6597
1794 2712 6602
1804 2712 6607
1815 2702 6612
1825 2702 6617
1825 2702 6623
1835 2691 6628
1846 2691 6633
1846 2681 6638
1867 2681 6643
1867 2681 6649
1867 2660 6654
1867 2650 6659
1856 2650 6664
1846 2650 6669
1835 2650 6675
1825 2639 6680
1825 2639 6685
1815 2639 6690
1783 2639 6696
1773 2639 6701
1773 2650 6706
1773 2650 6711
.PEN_UP

.PEN_DOWN
1950 2733 6838
1950 2743 6843
1950 2754 6848
1940 2764 6854
1940 2764 6859
1929 2764 6864
1919 2764 6869
1908 2754 6874
1898 2754 6880
1888 2754 6885
1888 2754 6890
1888 2743 6895
1888 2743 6900
1898 2733 6906
1898 2723 6911
1908 2723 6916
1919 2723 6921
1929 2723 6927
1940 2723 6932
1950 2712 6937
1960 2712 6942
1971 2712 6947
1981 2702 6953
1992 2702 6958
2002 2681 6963
2002 2681 6968
2013 2681 6973
2013 2681 6979
2013 2681 6984
2013 2670 6989
2002 2670 6994
1992 2660 6999
1971 2660 7005
1960 2660 7010
1950 2650 7015
1929 2650 7020
1908 2650 7026
1908 2650 7031
1898 2650 7036
.PEN_UP

.PEN_DOWN
2033 2691 7222
2033 2681 7227
2033 2681 7232
2065 2681 7238
2075 2681 7243
2085 2681 7248
2096 2681 7253
2106 2691 7258
2117 2712 7264
2138 2712 7269
2138 2712 7274
2148 2723 7279
2158 2733 7284
2158 2754 7290
2148 2764 7295
2148 2764 7300
2138 2775 7305
2106 2775 7311
2096 2764 7316
2085 2754 7321
2085 2754 7326
2075 2743 7331
2065 2733 7337
2065 2723 7342
2054 2712 7347
2054 2691 7352
2065 2681 7357
2065 2670 7363
2065 2670 7368
2075 2660 7373
2085 2660 7378
2085 2650 7383
2096 2650 7389
2127 2650 7394
2148 2650 7399
2158 2660 7404
2190 2670 7410
2200 2670 7415
2221 2681 7420
2231 2691 7425
2252 2691 7430
2263 2702 7436
2273 2712 7441
2283 2723 7446
2294 2723 7451
2304 2733 7456
2304 2733 7462
2315 2743 7467
2325 2754 7472
2325 2743 7477
2315 2743 7482
2304 2733 7488
2304 2723 7493
2283 2712 7498
2273 2702 7503
2252 2702 7508
2252 2691 7514
2231 2681 7519
2231 2670 7524
2221 2660 7529
2210 2660 7534
2200 2650 7540
2200 2650 7545
2190 2639 7550
2190 2639 7555
.PEN_UP

.PEN_DOWN
2210 2743 7771
2210 2743 7776
2210 2723 7781
2221 2723 7787
2231 2723 7792
2231 2712 7797
2231 2712 7802
2242 2702 7807
2242 2702 7813
2252 2691 7818
2263 2691 7823
2263 2681 7828
2263 2681 7834
2273 2670 7839
2283 2660 7844
2283 2660 7849
2283 2660 7854
2294 2650 7860
.PEN_UP

.PEN_DOWN
2440 2670 7991
2440 2660 7996
2440 2650 8001
2440 2650 8007
2440 2639 8012
2440 2629 8017
2440 2618 8022
2429 2608 8027
2429 2608 8033
2419 2587 8038
2408 2577 8043
2398 2577 8048
2398 2556 8054
.PEN_UP

.PEN_DOWN
2700 2785 8760
2690 2785 8765
2690 2795 8770
2679 2795 8776
2679 2806 8781
2669 2806 8786
2669 2806 8791
2648 2806 8796
2627 2806 8802
2606 2775 8807
2606 2764 8812
2596 2754 8817
2585 2733 8822
2575 2723 8828
2575 2660 8833
2585 2650 8838
2596 2639 8843
2617 2629 8849
2627 2629 8854
2638 2629 8859
2648 2618 8864
2690 2618 8869
2700 2629 8875
2710 2639 8880
2731 2639 8885
.PEN_UP

.PEN_DOWN
2554 2691 9035
2565 2691 9040
2565 2691 9045
2575 2691 9051
2596 2702 9056
2617 2702 9061
2627 2702 9066
2648 2702 9071
2658 2712 9077
2700 2712 9082
.PEN_UP

.PEN_DOWN
2731 2723 9254
2731 2723 9259
2731 2723 9264
2731 2723 9270
2742 2712 9275
2742 2712 9280
2742 2691 9285
2742 2681 9290
2742 2670 9296
2752 2670 9301
2752 2660 9306
2763 2650 9311
2763 2650 9316
2763 2639 9322
2773 2629 9327
2773 2629 9332
2773 2629 9337
2773 2639 9343
2773 2639 9348
2773 2650 9353
2773 2650 9358
2773 2660 9363
2783 2670 9369
2783 2702 9374
2783 2712 9379
2794 2723 9384
2794 2733 9389
2804 2743 9395
2815 2743 9400
2815 2743 9405
2825 2733 9410
2825 2733 9415
2825 2723 9421
2835 2712 9426
2835 2702 9431
2846 2681 9436
2846 2670 9442
2846 2660 9447
2856 2660 9452
2856 2650 9457
2867 2650 9462
2867 2639 9468
2877 2639 9473
2877 2639 9478
2888 2639 9483
2888 2629 9488
.PEN_UP

.PEN_DOWN
2981 2681 9639
2971 2691 9644
2971 2702 9649
2971 2712 9655
2960 2712 9660
2960 2723 9665
2950 2723 9670
2940 2723 9675
2940 2723 9681
2898 2723 9686
2898 2723 9691
2888 2712 9696
2877 2712 9702
2867 2702 9707
2867 2702 9712
2867 2670 9717
2867 2660 9722
2867 2650 9728
2877 2639 9733
2877 2639 9738
2888 2639 9743
2898 2618 9748
2919 2618 9754
2919 2629 9759
2929 2629 9764
2940 2639 9769
2940 2639 9774
2950 2650 9780
2950 2650 9785
2950 2691 9790
2960 2702 9795
2960 2712 9800
2960 2712 9806
2960 2723 9811
2960 2723 9816
2960 2712 9821
2960 2702 9826
2971 2691 9832
2971 2670 9837
2971 2660 9842
2981 2650 9847
2992 2639 9853
2992 2629 9858
2992 2618 9863
2992 2598 9868
2992 2545 9873
2992 2535 9879
2981 2525 9884
2981 2525 9889
2971 2525 9894
2960 2525 9899
2908 2525 9905
2898 2525 9910
2867 2545 9915
2867 2556 9920
2856 2566 9925
2856 2577 9931
.PEN_UP

.PEN_DOWN
3044 2754 10188
3044 2754 10193
3044 2754 10198
3044 2743 10204
3044 2743 10209
3044 2733 10214
3044 2723 10219
3044 2702 10224
3054 2702 10230
3054 2691 10235
3065 2681 10240
3065 2670 10245
3075 2660 10250
3075 2650 10256
3075 2639 10261
3075 2608 10266
.PEN_UP

.PEN_DOWN
3221 2681 10408
3221 2691 10413
3231 2702 10418
3231 2723 10424
3221 2723 10429
3221 2723 10434
3221 2723 10439
3210 2733 10444
3210 2733 10450
3200 2733 10455
3190 2733 10460
3169 2733 10465
3158 2733 10470
3148 2733 10476
3148 2723 10481
3138 2712 10486
3138 2702 10491
3138 2691 10497
3138 2660 10502
3138 2650 10507
3138 2639 10512
3148 2629 10517
3158 2629 10523
3158 2618 10528
3169 2608 10533
3169 2608 10538
3200 2608 10543
3210 2618 10549
3221 2629 10554
3221 2629 10559
3221 2650 10564
3231 2650 10569
3231 2691 10575
3221 2702 10580
3221 2723 10585
3221 2733 10590
3221 2723 10596
3221 2723 10601
3231 2712 10606
3231 2702 10611
3231 2702 10616
3231 2681 10622
3242 2670 10627
3242 2670 10632
3242 2660 10637
3242 2650 10642
3263 2639 10648
3263 2629 10653
3273 2629 10658
3283 2629 10663
3294 2629 10668
3325 2629 10674
3335 2629 10679
3346 2629 10684
3356 2629 10689
.PEN_UP

.PEN_DOWN
3377 2712 10847
3367 2723 10852
3367 2702 10857
3367 2702 10863
3367 2691 10868
3377 2691 10873
3377 2681 10878
3377 2670 10883
3377 2660 10889
3377 2650 10894
3388 2650 10899
3388 2650 10904
3388 2650 10910
3398 2639 10915
3408 2639 10920
3408 2650 10925
3408 2650 10930
3419 2660 10936
3419 2670 10941
3419 2681 10946
3419 2691 10951
3429 2702 10956
3429 2712 10962
3440 2723 10967
3440 2723 10972
3450 2723 10977
3450 2723 10982
3460 2723 10988
3460 2723 10993
3460 2723 10998
3471 2712 11003
3471 2712 11008
3471 2702 11014
3471 2691 11019
3481 2681 11024
3481 2681 11029
3481 2670 11034
3492 2660 11040
3502 2650 11045
3502 2650 11050
3513 2639 11055
3513 2639 11061
3523 2639 11066
3523 2629 11071
3523 2629 11076
3533 2629 11081
.PEN_UP

.PEN_DOWN
3648 2681 11177
3648 2702 11182
3648 2712 11187
3638 2712 11193
3638 2723 11198
3627 2723 11203
3617 2733 11208
3596 2743 11213
3585 2743 11219
3554 2743 11224
3544 2743 11229
3544 2743 11234
3533 2733 11240
3533 2723 11245
3523 2723 11250
3523 2660 11255
3533 2660 11260
3533 2650 11266
3544 2650 11271
3544 2639 11276
3554 2639 11281
3565 2629 11286
3575 2629 11292
3606 2629 11297
3627 2639 11302
3638 2639 11307
3638 2660 11312
3638 2681 11318
3638 2691 11323
3638 2702 11328
3638 2712 11333
3627 2743 11338
3627 2754 11344
3617 2764 11349
3617 2785 11354
3617 2775 11359
3617 2764 11364
3617 2733 11370
3617 2723 11375
3627 2712 11380
3627 2702 11385
3627 2681 11391
3638 2670 11396
3648 2650 11401
3658 2639 11406
3669 2629 11411
3679 2629 11417
3710 2629 11422
3721 2629 11427
3721 2639 11432
3742 2650 11437
3752 2650 11443
.PEN_UP

.COMMENT End of File
