.VERSION 1.0
.COMMENT File s146n18

.COMMENT See "A Comparison of Approaches to On-line
              Handwritten Character Recognition"
             (Rob Kassel, MIT PhD Thesis, 1995)
             for complete specifications and
             benchmarks on this data.

.DATA_SOURCE MIT_LCS_SLS
.DATA_ID MIT_Natural_Handprint_95

.DATA_CONTACT
 Name: Rob Kassel
 Email: rob@goldilocks.lcs.mit.edu
 Phone: 1-617-253-3049
 Fax: 1-617-258-8642
 Address: Spoken Language Systems Group
          Laboratory for Computer Science
          Massachusetts Institute of Technology
          Room NE43-601
          Cambridge, MA  02139, USA

.SETUP
 Site: MIT
 Writer motivation: Paid
 Writer physical position: Seated at desk
 Instructions given to the writer: Minimal; printing required;
  capitalize initial letter; no correcting; writing to be
  examined later.
 Prompting: Aural prompts, both string and spelled
 Recognizer feedback: no
 Form layout: large writing area, no guides, minimal left/right bias

.DATA_INFO
 Alphabet: English alphanumerics plus symbols to indicate
           connections, ligatures, embellishments, and pen skips
.PAD
 Machine name: Wacom 648A
 Brand: Wacom
 Type: 648A
 Serial Nr.: 160039
 Sensor: Electromagnetic, wireless pen
 Pen: Untethered, tip switch only
 Driver: Mircosoft Windows for Pen Computing V1.0
 Sampling mode: Using Microsoft Visual Basic 2.0 controls
 Sampling rate: 193 Hz
 Resolution: 0.001 inches/unit
 Accuracy: 0.01 inches
 Display: Backlit LCD screen, 640x480
 Inking: 1 pixel wide black on white
.X_DIM 4975
.Y_DIM 3058
.X_POINTS_PER_INCH 100
.Y_POINTS_PER_INCH 100

.ALPHABET "A" "B" "C" "D" "E" "F" "G"
          "H" "I" "J" "K" "L" "M" "N"
          "O" "P" "Q" "R" "S" "T" "U"
          "V" "W" "X" "Y" "Z"
          "a" "b" "c" "d" "e" "f" "g"
          "h" "i" "j" "k" "l" "m" "n"
          "o" "p" "q" "r" "s" "t" "u"
          "v" "w" "x" "y" "z"
          "0" "1" "2" "3" "4"
          "5" "6" "7" "8" "9"
          "!" "&" "*" "+" 

.WRITER_ID 146
.STYLE PRINTED
.HAND R
.AGE 17
.SEX M
.WRITER_INFO
 Group: Development
 Weight: 130
 Student: Yes
 Where educated: NJ
 Home language: English & Hebrew
 Name: Nimrod

.COORD X Y T
.HIERARCHY WORD LETTER
.SEGMENT WORD 0-5 ? "88253"
.SEGMENT LETTER 0 ? "8"
.SEGMENT LETTER 1 ? "8"
.SEGMENT LETTER 2 ? "2"
.SEGMENT LETTER 3-4 ? "5"
.SEGMENT LETTER 5 ? "3"

.COMMENT Prompt string: "88253"
.COMMENT Recognizer string: "88253"
.COMMENT Transcriber Comment: ""

.PEN_DOWN
371 2833 0
371 2833 5
371 2843 10
371 2833 16
371 2833 21
371 2833 26
371 2833 31
360 2823 36
350 2812 42
350 2812 47
350 2802 52
350 2791 57
350 2781 62
350 2729 68
350 2729 73
350 2729 78
350 2729 83
350 2718 89
360 2718 94
360 2718 99
381 2718 104
402 2718 109
402 2718 115
423 2718 120
433 2708 125
433 2708 130
433 2698 135
433 2698 141
444 2687 146
444 2677 151
444 2666 156
454 2656 161
454 2635 167
444 2625 172
444 2625 177
444 2625 182
433 2614 188
423 2614 193
423 2614 198
413 2625 203
402 2625 208
392 2625 214
392 2635 219
392 2645 224
392 2645 229
381 2656 234
381 2687 240
381 2698 245
381 2708 250
381 2729 255
392 2739 260
392 2750 266
402 2760 271
402 2770 276
413 2781 281
413 2802 286
423 2802 292
423 2812 297
423 2812 302
423 2823 307
423 2823 312
423 2833 318
423 2833 323
.PEN_UP

.PEN_DOWN
579 2854 659
579 2854 664
569 2854 669
558 2843 675
558 2843 680
558 2843 685
548 2833 690
548 2760 695
548 2760 701
548 2760 706
558 2750 711
569 2739 716
569 2739 722
579 2739 727
579 2729 732
579 2729 737
590 2729 742
600 2729 748
610 2729 753
610 2718 758
610 2718 763
610 2708 768
621 2708 774
621 2698 779
621 2677 784
621 2666 789
621 2656 794
621 2645 800
610 2645 805
610 2635 810
610 2635 815
600 2625 820
600 2625 826
600 2614 831
590 2614 836
590 2604 841
590 2604 846
579 2614 852
569 2614 857
569 2677 862
579 2687 867
579 2708 873
579 2729 878
590 2739 883
600 2750 888
600 2760 893
600 2770 899
600 2770 904
610 2781 909
610 2791 914
610 2802 919
610 2812 925
610 2833 930
621 2833 935
.PEN_UP

.PEN_DOWN
767 2833 1318
767 2843 1323
767 2843 1328
767 2843 1334
777 2854 1339
798 2854 1344
808 2854 1349
808 2843 1354
819 2843 1360
819 2833 1365
829 2833 1370
829 2823 1375
829 2791 1380
829 2750 1386
808 2729 1391
808 2708 1396
798 2698 1401
788 2687 1407
777 2677 1412
767 2666 1417
767 2666 1422
767 2656 1427
767 2656 1433
756 2656 1438
767 2656 1443
767 2656 1448
767 2656 1453
777 2656 1459
777 2656 1464
798 2666 1469
871 2666 1474
.PEN_UP

.PEN_DOWN
996 2843 1812
996 2843 1817
996 2843 1822
985 2833 1828
975 2802 1833
965 2791 1838
965 2781 1843
965 2781 1848
965 2770 1854
965 2750 1859
965 2739 1864
996 2739 1869
996 2739 1874
1006 2739 1880
1006 2739 1885
1017 2729 1890
1027 2729 1895
1027 2729 1901
1038 2729 1906
1038 2729 1911
1038 2718 1916
1038 2718 1921
1048 2718 1927
1048 2677 1932
1038 2677 1937
1038 2677 1942
1038 2666 1947
1027 2656 1953
1027 2645 1958
1017 2645 1963
1017 2645 1968
1006 2645 1973
996 2635 1979
985 2635 1984
975 2635 1989
954 2635 1994
954 2635 2000
954 2645 2005
944 2645 2010
944 2645 2015
.PEN_UP

.PEN_DOWN
996 2875 2307
996 2885 2312
996 2885 2317
1006 2885 2323
1006 2885 2328
1027 2885 2333
1027 2885 2338
1058 2885 2343
.PEN_UP

.PEN_DOWN
1173 2885 2636
1173 2895 2641
1173 2895 2646
1173 2895 2652
1194 2895 2657
1194 2895 2662
1194 2895 2667
1204 2895 2672
1235 2895 2678
1246 2885 2683
1246 2885 2688
1246 2875 2693
1246 2864 2698
1246 2854 2704
1246 2843 2709
1235 2833 2714
1225 2823 2719
1215 2812 2725
1204 2802 2730
1204 2791 2735
1194 2781 2740
1183 2770 2745
1183 2770 2751
1183 2770 2756
1183 2770 2761
1194 2781 2766
1215 2781 2771
1215 2770 2777
1225 2770 2782
1225 2760 2787
1235 2760 2792
1246 2760 2797
1246 2750 2803
1246 2750 2808
1256 2739 2813
1256 2739 2818
1267 2729 2824
1267 2729 2829
1267 2718 2834
1267 2708 2839
1267 2708 2844
1267 2687 2850
1267 2687 2855
1267 2687 2860
1256 2677 2865
1256 2677 2870
1246 2666 2876
1246 2656 2881
1235 2656 2886
1215 2656 2891
1215 2645 2896
1204 2645 2902
1194 2635 2907
1183 2635 2912
1173 2625 2917
1163 2625 2922
1163 2625 2928
1163 2625 2933
.PEN_UP

.COMMENT End of File
