.VERSION 1.0
.COMMENT File s146n21

.COMMENT See "A Comparison of Approaches to On-line
              Handwritten Character Recognition"
             (Rob Kassel, MIT PhD Thesis, 1995)
             for complete specifications and
             benchmarks on this data.

.DATA_SOURCE MIT_LCS_SLS
.DATA_ID MIT_Natural_Handprint_95

.DATA_CONTACT
 Name: Rob Kassel
 Email: rob@goldilocks.lcs.mit.edu
 Phone: 1-617-253-3049
 Fax: 1-617-258-8642
 Address: Spoken Language Systems Group
          Laboratory for Computer Science
          Massachusetts Institute of Technology
          Room NE43-601
          Cambridge, MA  02139, USA

.SETUP
 Site: MIT
 Writer motivation: Paid
 Writer physical position: Seated at desk
 Instructions given to the writer: Minimal; printing required;
  capitalize initial letter; no correcting; writing to be
  examined later.
 Prompting: Aural prompts, both string and spelled
 Recognizer feedback: no
 Form layout: large writing area, no guides, minimal left/right bias

.DATA_INFO
 Alphabet: English alphanumerics plus symbols to indicate
           connections, ligatures, embellishments, and pen skips
.PAD
 Machine name: Wacom 648A
 Brand: Wacom
 Type: 648A
 Serial Nr.: 160039
 Sensor: Electromagnetic, wireless pen
 Pen: Untethered, tip switch only
 Driver: Mircosoft Windows for Pen Computing V1.0
 Sampling mode: Using Microsoft Visual Basic 2.0 controls
 Sampling rate: 193 Hz
 Resolution: 0.001 inches/unit
 Accuracy: 0.01 inches
 Display: Backlit LCD screen, 640x480
 Inking: 1 pixel wide black on white
.X_DIM 4975
.Y_DIM 3058
.X_POINTS_PER_INCH 100
.Y_POINTS_PER_INCH 100

.ALPHABET "A" "B" "C" "D" "E" "F" "G"
          "H" "I" "J" "K" "L" "M" "N"
          "O" "P" "Q" "R" "S" "T" "U"
          "V" "W" "X" "Y" "Z"
          "a" "b" "c" "d" "e" "f" "g"
          "h" "i" "j" "k" "l" "m" "n"
          "o" "p" "q" "r" "s" "t" "u"
          "v" "w" "x" "y" "z"
          "0" "1" "2" "3" "4"
          "5" "6" "7" "8" "9"
          "!" "&" "*" "+" 

.WRITER_ID 146
.STYLE PRINTED
.HAND R
.AGE 17
.SEX M
.WRITER_INFO
 Group: Development
 Weight: 130
 Student: Yes
 Where educated: NJ
 Home language: English & Hebrew
 Name: Nimrod

.COORD X Y T
.HIERARCHY WORD LETTER
.SEGMENT WORD 0-6 ? "45922"
.SEGMENT LETTER 0-1 ? "4"
.SEGMENT LETTER 2-3 ? "5"
.SEGMENT LETTER 4 ? "9"
.SEGMENT LETTER 5 ? "2"
.SEGMENT LETTER 6 ? "2"

.COMMENT Prompt string: "45922"
.COMMENT Recognizer string: "459??"
.COMMENT Transcriber Comment: ""

.PEN_DOWN
340 2770 0
340 2770 5
340 2770 10
340 2760 16
329 2760 21
329 2750 26
319 2739 31
319 2729 36
319 2718 42
319 2708 47
319 2698 52
308 2687 57
308 2666 62
319 2666 68
319 2666 73
319 2666 78
319 2656 83
329 2656 89
329 2656 94
340 2656 99
350 2656 104
360 2656 109
360 2666 115
371 2666 120
371 2666 125
381 2666 130
381 2677 135
381 2677 141
381 2677 146
381 2677 151
381 2677 156
.PEN_UP

.PEN_DOWN
413 2739 439
413 2739 444
413 2739 449
413 2718 455
402 2708 460
402 2698 465
402 2687 470
402 2677 475
402 2666 481
392 2656 486
392 2614 491
392 2604 496
392 2593 502
392 2573 507
392 2562 512
381 2562 517
381 2552 522
392 2552 528
381 2562 533
381 2562 538
.PEN_UP

.PEN_DOWN
517 2739 879
517 2739 884
517 2750 889
517 2750 895
506 2750 900
506 2750 905
506 2739 910
506 2739 915
496 2729 921
496 2729 926
485 2718 931
485 2708 936
485 2708 942
485 2698 947
485 2698 952
485 2687 957
485 2677 962
485 2677 968
485 2677 973
496 2677 978
496 2677 983
506 2677 988
506 2677 994
517 2666 999
527 2666 1004
538 2666 1009
538 2656 1014
548 2656 1020
548 2645 1025
548 2645 1030
558 2645 1035
558 2635 1040
558 2625 1046
558 2614 1051
558 2614 1056
548 2604 1061
548 2604 1066
548 2593 1072
538 2593 1077
538 2593 1082
538 2583 1087
527 2583 1093
496 2583 1098
485 2583 1103
475 2583 1108
465 2593 1113
454 2593 1119
454 2593 1124
444 2593 1129
444 2604 1134
444 2604 1139
444 2604 1145
.PEN_UP

.PEN_DOWN
527 2781 1263
517 2791 1268
538 2791 1273
538 2781 1279
548 2781 1284
558 2781 1289
569 2781 1294
569 2781 1299
579 2781 1305
.PEN_UP

.PEN_DOWN
694 2791 1593
694 2791 1598
694 2791 1603
694 2791 1609
673 2791 1614
673 2781 1619
673 2781 1624
673 2781 1629
663 2781 1635
663 2770 1640
652 2770 1645
652 2760 1650
652 2760 1656
652 2760 1661
642 2750 1666
642 2750 1671
642 2729 1676
652 2718 1682
652 2718 1687
652 2708 1692
652 2708 1697
663 2708 1702
673 2708 1708
673 2718 1713
673 2718 1718
683 2718 1723
683 2729 1728
694 2729 1734
694 2739 1739
694 2739 1744
694 2750 1749
704 2760 1754
704 2770 1760
704 2770 1765
704 2781 1770
704 2781 1775
704 2791 1780
704 2645 1786
704 2635 1791
704 2614 1796
704 2614 1801
704 2593 1807
694 2583 1812
694 2583 1817
694 2583 1822
694 2573 1827
694 2573 1833
683 2573 1838
683 2573 1843
.PEN_UP

.PEN_DOWN
767 2781 2252
767 2791 2257
767 2802 2262
777 2802 2268
788 2802 2273
788 2802 2278
798 2802 2283
798 2802 2288
808 2802 2294
808 2802 2299
808 2791 2304
808 2791 2309
819 2770 2314
819 2760 2320
819 2750 2325
819 2708 2330
819 2698 2335
819 2677 2341
819 2666 2346
819 2645 2351
808 2635 2356
798 2625 2361
798 2625 2367
788 2614 2372
788 2604 2377
788 2593 2382
777 2593 2387
777 2593 2393
767 2583 2398
756 2583 2403
756 2593 2408
746 2593 2413
746 2593 2419
735 2604 2424
735 2604 2429
725 2614 2434
725 2635 2440
735 2645 2445
735 2656 2450
746 2656 2455
746 2656 2460
756 2666 2466
767 2666 2471
767 2666 2476
788 2666 2481
788 2666 2486
808 2666 2492
808 2666 2497
819 2666 2502
819 2666 2507
829 2656 2512
829 2656 2518
829 2645 2523
829 2645 2528
829 2656 2533
.PEN_UP

.PEN_DOWN
902 2802 2856
902 2802 2861
913 2812 2866
913 2812 2872
913 2812 2877
933 2812 2882
944 2812 2887
954 2802 2892
954 2802 2898
954 2791 2903
965 2791 2908
965 2781 2913
975 2781 2918
975 2770 2924
975 2750 2929
975 2708 2934
975 2698 2939
975 2687 2945
975 2687 2950
975 2677 2955
965 2666 2960
965 2656 2965
954 2645 2971
954 2635 2976
954 2614 2981
944 2604 2986
933 2604 2991
933 2593 2997
923 2593 3002
913 2593 3007
902 2593 3012
902 2593 3017
892 2604 3023
881 2604 3028
881 2635 3033
892 2635 3038
892 2645 3044
892 2645 3049
892 2656 3054
902 2666 3059
902 2666 3064
913 2666 3070
913 2666 3075
933 2666 3080
933 2666 3085
944 2666 3090
944 2666 3096
954 2666 3101
965 2666 3106
975 2666 3111
975 2656 3116
985 2656 3122
985 2645 3127
996 2645 3132
1006 2645 3137
1006 2635 3142
1017 2635 3148
1017 2635 3153
1017 2625 3158
1038 2625 3163
1038 2635 3168
1038 2635 3174
.PEN_UP

.COMMENT End of File
