.VERSION 1.0
.COMMENT File s146n24

.COMMENT See "A Comparison of Approaches to On-line
              Handwritten Character Recognition"
             (Rob Kassel, MIT PhD Thesis, 1995)
             for complete specifications and
             benchmarks on this data.

.DATA_SOURCE MIT_LCS_SLS
.DATA_ID MIT_Natural_Handprint_95

.DATA_CONTACT
 Name: Rob Kassel
 Email: rob@goldilocks.lcs.mit.edu
 Phone: 1-617-253-3049
 Fax: 1-617-258-8642
 Address: Spoken Language Systems Group
          Laboratory for Computer Science
          Massachusetts Institute of Technology
          Room NE43-601
          Cambridge, MA  02139, USA

.SETUP
 Site: MIT
 Writer motivation: Paid
 Writer physical position: Seated at desk
 Instructions given to the writer: Minimal; printing required;
  capitalize initial letter; no correcting; writing to be
  examined later.
 Prompting: Aural prompts, both string and spelled
 Recognizer feedback: no
 Form layout: large writing area, no guides, minimal left/right bias

.DATA_INFO
 Alphabet: English alphanumerics plus symbols to indicate
           connections, ligatures, embellishments, and pen skips
.PAD
 Machine name: Wacom 648A
 Brand: Wacom
 Type: 648A
 Serial Nr.: 160039
 Sensor: Electromagnetic, wireless pen
 Pen: Untethered, tip switch only
 Driver: Mircosoft Windows for Pen Computing V1.0
 Sampling mode: Using Microsoft Visual Basic 2.0 controls
 Sampling rate: 193 Hz
 Resolution: 0.001 inches/unit
 Accuracy: 0.01 inches
 Display: Backlit LCD screen, 640x480
 Inking: 1 pixel wide black on white
.X_DIM 4975
.Y_DIM 3058
.X_POINTS_PER_INCH 100
.Y_POINTS_PER_INCH 100

.ALPHABET "A" "B" "C" "D" "E" "F" "G"
          "H" "I" "J" "K" "L" "M" "N"
          "O" "P" "Q" "R" "S" "T" "U"
          "V" "W" "X" "Y" "Z"
          "a" "b" "c" "d" "e" "f" "g"
          "h" "i" "j" "k" "l" "m" "n"
          "o" "p" "q" "r" "s" "t" "u"
          "v" "w" "x" "y" "z"
          "0" "1" "2" "3" "4"
          "5" "6" "7" "8" "9"
          "!" "&" "*" "+" 

.WRITER_ID 146
.STYLE PRINTED
.HAND R
.AGE 17
.SEX M
.WRITER_INFO
 Group: Development
 Weight: 130
 Student: Yes
 Where educated: NJ
 Home language: English & Hebrew
 Name: Nimrod

.COORD X Y T
.HIERARCHY WORD LETTER
.SEGMENT WORD 0-6 ? "05521"
.SEGMENT LETTER 0 ? "0"
.SEGMENT LETTER 1-2 ? "5"
.SEGMENT LETTER 3-4 ? "5"
.SEGMENT LETTER 5 ? "2"
.SEGMENT LETTER 6 ? "1"

.COMMENT Prompt string: "05521"
.COMMENT Recognizer string: "05521"
.COMMENT Transcriber Comment: ""

.PEN_DOWN
329 2791 0
319 2802 5
319 2802 10
319 2802 16
319 2802 21
308 2802 26
308 2802 31
308 2791 36
308 2791 42
298 2781 47
298 2781 52
288 2770 57
277 2739 62
277 2739 68
267 2729 73
256 2718 78
256 2708 83
246 2687 89
246 2666 94
246 2645 99
246 2604 104
246 2593 109
246 2583 115
256 2583 120
267 2573 125
267 2562 130
277 2562 135
288 2552 141
319 2552 146
329 2552 151
340 2562 156
340 2573 161
350 2583 167
350 2593 172
360 2604 177
360 2604 182
371 2625 188
371 2635 193
371 2666 198
371 2708 203
371 2718 208
371 2729 214
360 2739 219
360 2770 224
350 2781 229
350 2791 234
340 2791 240
340 2802 245
340 2802 250
340 2802 255
329 2802 260
329 2791 266
319 2791 271
319 2791 276
319 2791 281
308 2781 286
308 2781 292
308 2781 297
308 2770 302
.PEN_UP

.PEN_DOWN
485 2791 550
475 2802 555
465 2802 560
454 2791 566
454 2791 571
454 2791 576
454 2781 581
444 2770 586
444 2770 592
444 2750 597
444 2750 602
444 2739 607
433 2729 612
433 2718 618
433 2718 623
444 2708 628
444 2708 633
454 2708 639
454 2708 644
465 2698 649
485 2698 654
485 2698 659
496 2698 665
506 2698 670
517 2687 675
517 2687 680
527 2677 685
538 2677 691
538 2677 696
538 2666 701
538 2666 706
538 2656 711
538 2656 717
548 2645 722
548 2625 727
538 2625 732
538 2614 738
538 2614 743
527 2604 748
527 2604 753
517 2604 758
517 2593 764
506 2593 769
496 2583 774
475 2583 779
465 2583 784
454 2573 790
444 2573 795
444 2573 800
433 2573 805
433 2562 810
423 2562 816
423 2562 821
.PEN_UP

.PEN_DOWN
485 2802 1044
475 2802 1049
475 2812 1054
475 2812 1060
475 2812 1065
475 2812 1070
485 2823 1075
485 2823 1080
496 2823 1086
496 2823 1091
517 2823 1096
517 2823 1101
527 2823 1106
538 2812 1112
548 2812 1117
548 2812 1122
558 2812 1127
569 2802 1133
.PEN_UP

.PEN_DOWN
715 2802 1318
704 2802 1323
704 2802 1328
704 2802 1334
704 2802 1339
694 2802 1344
694 2791 1349
694 2791 1354
683 2791 1360
683 2781 1365
683 2770 1370
673 2760 1375
673 2760 1380
673 2750 1386
663 2739 1391
663 2729 1396
663 2729 1401
663 2708 1407
663 2698 1412
673 2698 1417
673 2687 1422
683 2687 1427
694 2687 1433
725 2687 1438
725 2677 1443
735 2677 1448
746 2677 1453
746 2677 1459
756 2666 1464
756 2666 1469
756 2656 1474
756 2645 1479
767 2645 1485
767 2625 1490
756 2614 1495
756 2614 1500
756 2604 1506
756 2593 1511
746 2593 1516
746 2583 1521
746 2583 1526
735 2583 1532
735 2573 1537
735 2573 1542
725 2573 1547
725 2573 1552
715 2562 1558
673 2562 1563
673 2573 1568
673 2573 1573
.PEN_UP

.PEN_DOWN
683 2812 1868
683 2812 1873
683 2812 1878
683 2812 1884
694 2823 1889
694 2823 1894
704 2823 1899
704 2823 1904
715 2833 1910
715 2833 1915
715 2833 1920
767 2833 1925
.PEN_UP

.PEN_DOWN
871 2823 2142
871 2833 2147
881 2833 2152
881 2843 2158
881 2843 2163
892 2854 2168
933 2854 2173
944 2843 2178
944 2843 2184
954 2843 2189
965 2833 2194
965 2823 2199
965 2812 2204
965 2781 2210
965 2770 2215
965 2760 2220
954 2739 2225
954 2729 2231
954 2708 2236
944 2708 2241
933 2677 2246
923 2666 2251
923 2656 2257
913 2645 2262
913 2635 2267
902 2625 2272
902 2614 2277
892 2614 2283
892 2604 2288
860 2604 2293
860 2614 2298
850 2614 2303
850 2625 2309
850 2625 2314
850 2645 2319
850 2656 2324
860 2666 2330
860 2677 2335
871 2677 2340
881 2687 2345
913 2687 2350
923 2687 2356
933 2687 2361
933 2687 2366
954 2677 2371
954 2677 2376
954 2666 2382
965 2666 2387
965 2666 2392
965 2666 2397
965 2666 2402
975 2656 2408
.PEN_UP

.PEN_DOWN
1058 2843 2692
1058 2854 2697
1058 2854 2702
1058 2854 2708
1069 2864 2713
1069 2864 2718
1069 2854 2723
1069 2854 2728
1069 2843 2734
1079 2823 2739
1079 2770 2744
1079 2750 2749
1079 2698 2754
1079 2687 2760
1090 2677 2765
1090 2656 2770
1090 2645 2775
1090 2635 2781
1090 2625 2786
1090 2625 2791
1090 2625 2796
.PEN_UP

.COMMENT End of File
