.VERSION 1.0
.COMMENT File s146n04

.COMMENT See "A Comparison of Approaches to On-line
              Handwritten Character Recognition"
             (Rob Kassel, MIT PhD Thesis, 1995)
             for complete specifications and
             benchmarks on this data.

.DATA_SOURCE MIT_LCS_SLS
.DATA_ID MIT_Natural_Handprint_95

.DATA_CONTACT
 Name: Rob Kassel
 Email: rob@goldilocks.lcs.mit.edu
 Phone: 1-617-253-3049
 Fax: 1-617-258-8642
 Address: Spoken Language Systems Group
          Laboratory for Computer Science
          Massachusetts Institute of Technology
          Room NE43-601
          Cambridge, MA  02139, USA

.SETUP
 Site: MIT
 Writer motivation: Paid
 Writer physical position: Seated at desk
 Instructions given to the writer: Minimal; printing required;
  capitalize initial letter; no correcting; writing to be
  examined later.
 Prompting: Aural prompts, both string and spelled
 Recognizer feedback: no
 Form layout: large writing area, no guides, minimal left/right bias

.DATA_INFO
 Alphabet: English alphanumerics plus symbols to indicate
           connections, ligatures, embellishments, and pen skips
.PAD
 Machine name: Wacom 648A
 Brand: Wacom
 Type: 648A
 Serial Nr.: 160039
 Sensor: Electromagnetic, wireless pen
 Pen: Untethered, tip switch only
 Driver: Mircosoft Windows for Pen Computing V1.0
 Sampling mode: Using Microsoft Visual Basic 2.0 controls
 Sampling rate: 193 Hz
 Resolution: 0.001 inches/unit
 Accuracy: 0.01 inches
 Display: Backlit LCD screen, 640x480
 Inking: 1 pixel wide black on white
.X_DIM 4975
.Y_DIM 3058
.X_POINTS_PER_INCH 100
.Y_POINTS_PER_INCH 100

.ALPHABET "A" "B" "C" "D" "E" "F" "G"
          "H" "I" "J" "K" "L" "M" "N"
          "O" "P" "Q" "R" "S" "T" "U"
          "V" "W" "X" "Y" "Z"
          "a" "b" "c" "d" "e" "f" "g"
          "h" "i" "j" "k" "l" "m" "n"
          "o" "p" "q" "r" "s" "t" "u"
          "v" "w" "x" "y" "z"
          "0" "1" "2" "3" "4"
          "5" "6" "7" "8" "9"
          "!" "&" "*" "+" 

.WRITER_ID 146
.STYLE PRINTED
.HAND R
.AGE 17
.SEX M
.WRITER_INFO
 Group: Development
 Weight: 130
 Student: Yes
 Where educated: NJ
 Home language: English & Hebrew
 Name: Nimrod

.COORD X Y T
.HIERARCHY WORD LETTER
.SEGMENT WORD 0-4 ? "29697"
.SEGMENT LETTER 0 ? "2"
.SEGMENT LETTER 1 ? "9"
.SEGMENT LETTER 2 ? "6"
.SEGMENT LETTER 3 ? "9"
.SEGMENT LETTER 4 ? "7"

.COMMENT Prompt string: "29697"
.COMMENT Recognizer string: "?9697"
.COMMENT Transcriber Comment: ""

.PEN_DOWN
454 2708 0
454 2718 5
454 2718 10
454 2718 16
454 2729 21
454 2729 26
454 2729 31
454 2729 36
465 2729 42
465 2739 47
475 2739 52
475 2739 57
475 2739 62
485 2739 68
485 2739 73
485 2750 78
506 2750 83
506 2739 89
506 2739 94
517 2729 99
527 2718 104
527 2718 109
527 2698 115
527 2687 120
527 2635 125
517 2614 130
517 2604 135
506 2583 141
506 2573 146
506 2562 151
496 2552 156
485 2541 161
485 2541 167
475 2541 172
475 2531 177
465 2520 182
454 2520 188
433 2520 193
433 2531 198
423 2531 203
423 2531 208
413 2541 214
413 2541 219
413 2552 224
413 2552 229
413 2562 234
413 2562 240
423 2562 245
423 2562 250
433 2562 255
444 2573 260
444 2573 266
454 2583 271
475 2583 276
475 2583 281
496 2583 286
496 2583 292
496 2573 297
506 2573 302
517 2573 307
517 2573 312
527 2573 318
527 2562 323
538 2562 328
548 2562 333
548 2552 339
548 2541 344
548 2541 349
558 2541 354
558 2541 359
558 2531 365
558 2531 370
558 2520 375
558 2520 380
.PEN_UP

.PEN_DOWN
715 2760 768
715 2770 773
715 2770 778
715 2770 784
704 2770 789
704 2770 794
704 2770 799
694 2770 804
683 2770 810
683 2770 815
673 2760 820
663 2750 825
663 2739 830
652 2739 836
652 2729 841
642 2718 846
642 2708 851
642 2708 857
642 2698 862
642 2698 867
642 2687 872
642 2687 877
673 2687 883
683 2687 888
683 2687 893
694 2698 898
694 2698 903
704 2708 909
704 2718 914
704 2718 919
715 2729 924
715 2729 929
725 2739 935
725 2750 940
725 2750 945
725 2750 950
725 2760 956
725 2760 961
725 2760 966
725 2770 971
725 2760 976
725 2750 982
725 2750 987
725 2729 992
725 2718 997
715 2708 1002
715 2708 1008
715 2698 1013
715 2687 1018
704 2666 1023
704 2656 1028
704 2645 1034
704 2604 1039
694 2583 1044
694 2531 1049
694 2531 1054
694 2520 1060
694 2520 1065
694 2520 1070
.PEN_UP

.PEN_DOWN
808 2781 1482
808 2781 1487
808 2781 1492
808 2781 1498
798 2781 1503
798 2770 1508
798 2760 1513
788 2750 1518
788 2739 1524
788 2739 1529
777 2718 1534
777 2708 1539
777 2698 1544
767 2687 1550
767 2677 1555
767 2604 1560
767 2604 1565
767 2593 1571
767 2583 1576
777 2573 1581
777 2573 1586
788 2562 1591
788 2562 1597
788 2562 1602
798 2562 1607
819 2562 1612
829 2573 1617
829 2583 1623
840 2583 1628
840 2593 1633
840 2604 1638
840 2614 1643
850 2614 1649
850 2645 1654
840 2645 1659
840 2656 1664
840 2656 1670
840 2666 1675
829 2666 1680
829 2666 1685
829 2677 1690
808 2677 1696
808 2666 1701
798 2656 1706
798 2645 1711
798 2645 1716
788 2635 1722
788 2625 1727
788 2614 1732
788 2593 1737
788 2583 1742
788 2593 1748
788 2593 1753
.PEN_UP

.PEN_DOWN
944 2791 2087
944 2791 2092
944 2791 2097
944 2802 2103
933 2802 2108
933 2802 2113
933 2791 2118
923 2791 2123
923 2781 2129
913 2781 2134
902 2760 2139
892 2750 2144
892 2739 2150
892 2729 2155
892 2708 2160
902 2708 2165
913 2708 2170
923 2708 2176
933 2708 2181
933 2718 2186
944 2718 2191
944 2718 2196
944 2739 2202
954 2739 2207
954 2750 2212
954 2760 2217
965 2770 2222
965 2770 2228
965 2781 2233
965 2791 2238
965 2770 2243
965 2760 2248
965 2750 2254
965 2718 2259
954 2708 2264
954 2687 2269
954 2666 2274
954 2656 2280
954 2635 2285
954 2625 2290
954 2593 2295
954 2583 2301
954 2573 2306
944 2573 2311
944 2573 2316
944 2573 2321
944 2573 2327
.PEN_UP

.PEN_DOWN
1048 2812 2691
1038 2823 2696
1038 2823 2701
1038 2823 2707
1048 2823 2712
1090 2823 2717
1090 2823 2722
1100 2823 2727
1110 2833 2733
1121 2833 2738
1131 2833 2743
1131 2833 2748
1152 2833 2754
1152 2833 2759
1152 2802 2764
1142 2802 2769
1142 2781 2774
1142 2770 2780
1142 2760 2785
1131 2750 2790
1131 2729 2795
1131 2718 2800
1131 2708 2806
1131 2698 2811
1121 2687 2816
1121 2645 2821
1121 2625 2826
1121 2593 2832
1121 2593 2837
1121 2573 2842
1121 2573 2847
1110 2573 2852
1110 2562 2858
.PEN_UP

.COMMENT End of File
