.VERSION 1.0
.COMMENT File s146i02

.COMMENT See "A Comparison of Approaches to On-line
              Handwritten Character Recognition"
             (Rob Kassel, MIT PhD Thesis, 1995)
             for complete specifications and
             benchmarks on this data.

.DATA_SOURCE MIT_LCS_SLS
.DATA_ID MIT_Natural_Handprint_95

.DATA_CONTACT
 Name: Rob Kassel
 Email: rob@goldilocks.lcs.mit.edu
 Phone: 1-617-253-3049
 Fax: 1-617-258-8642
 Address: Spoken Language Systems Group
          Laboratory for Computer Science
          Massachusetts Institute of Technology
          Room NE43-601
          Cambridge, MA  02139, USA

.SETUP
 Site: MIT
 Writer motivation: Paid
 Writer physical position: Seated at desk
 Instructions given to the writer: Minimal; printing required;
  capitalize initial letter; no correcting; writing to be
  examined later.
 Prompting: Aural prompts, both string and spelled
 Recognizer feedback: no
 Form layout: large writing area, no guides, minimal left/right bias

.DATA_INFO
 Alphabet: English alphanumerics plus symbols to indicate
           connections, ligatures, embellishments, and pen skips
.PAD
 Machine name: Wacom 648A
 Brand: Wacom
 Type: 648A
 Serial Nr.: 160039
 Sensor: Electromagnetic, wireless pen
 Pen: Untethered, tip switch only
 Driver: Mircosoft Windows for Pen Computing V1.0
 Sampling mode: Using Microsoft Visual Basic 2.0 controls
 Sampling rate: 193 Hz
 Resolution: 0.001 inches/unit
 Accuracy: 0.01 inches
 Display: Backlit LCD screen, 640x480
 Inking: 1 pixel wide black on white
.X_DIM 4975
.Y_DIM 3058
.X_POINTS_PER_INCH 100
.Y_POINTS_PER_INCH 100

.ALPHABET "A" "B" "C" "D" "E" "F" "G"
          "H" "I" "J" "K" "L" "M" "N"
          "O" "P" "Q" "R" "S" "T" "U"
          "V" "W" "X" "Y" "Z"
          "a" "b" "c" "d" "e" "f" "g"
          "h" "i" "j" "k" "l" "m" "n"
          "o" "p" "q" "r" "s" "t" "u"
          "v" "w" "x" "y" "z"
          "0" "1" "2" "3" "4"
          "5" "6" "7" "8" "9"
          "!" "&" "*" "+" 

.WRITER_ID 146
.STYLE PRINTED
.HAND R
.AGE 17
.SEX M
.WRITER_INFO
 Group: Development
 Weight: 130
 Student: Yes
 Where educated: NJ
 Home language: English & Hebrew
 Name: Nimrod

.COORD X Y T
.HIERARCHY WORD
.SEGMENT WORD 0-14 ? "UNTRANSCRIBED!!!"

.COMMENT Prompt string: ""
.COMMENT Recognizer string: "Ehglewo?d , vJ"
.COMMENT Transcriber Comment: "Unchecked and unaligned transcription."

.PEN_DOWN
346 2743 0
346 2754 5
346 2764 10
356 2764 16
356 2764 21
356 2764 26
356 2764 31
356 2764 36
356 2754 42
356 2754 47
346 2743 52
346 2743 57
346 2733 62
335 2712 68
335 2702 73
325 2681 78
315 2660 83
315 2650 89
315 2650 94
315 2639 99
315 2587 104
315 2587 109
315 2587 115
325 2587 120
325 2587 125
325 2577 130
335 2577 135
335 2566 141
377 2566 146
388 2577 151
398 2577 156
408 2577 161
408 2577 167
408 2577 172
419 2577 177
419 2577 182
.PEN_UP

.PEN_DOWN
356 2681 494
335 2681 499
335 2691 504
388 2691 510
398 2691 515
408 2691 520
408 2691 525
408 2681 530
408 2681 536
.PEN_UP

.PEN_DOWN
335 2764 714
335 2775 719
335 2775 724
335 2775 730
346 2775 735
346 2775 740
377 2775 745
377 2775 750
388 2775 756
388 2775 761
398 2775 766
398 2775 771
398 2775 776
408 2775 782
.PEN_UP

.PEN_DOWN
492 2702 934
481 2702 939
471 2702 944
471 2681 950
471 2681 955
471 2650 960
471 2639 965
471 2629 970
471 2618 976
471 2618 981
471 2608 986
471 2598 991
460 2598 996
460 2608 1002
471 2608 1007
471 2618 1012
471 2629 1017
471 2629 1023
481 2639 1028
481 2650 1033
481 2650 1038
492 2660 1043
492 2660 1049
492 2660 1054
492 2670 1059
502 2670 1064
502 2670 1069
513 2670 1075
513 2670 1080
513 2670 1085
513 2660 1090
513 2660 1095
523 2650 1101
533 2650 1106
533 2618 1111
533 2598 1116
533 2598 1122
533 2598 1127
533 2587 1132
533 2587 1137
.PEN_UP

.PEN_DOWN
627 2670 1428
617 2681 1433
617 2681 1438
617 2681 1444
617 2681 1449
596 2681 1454
596 2681 1459
596 2670 1464
585 2670 1470
585 2660 1475
585 2650 1480
575 2639 1485
575 2639 1490
575 2618 1496
575 2618 1501
575 2618 1506
585 2608 1511
596 2608 1517
596 2618 1522
606 2618 1527
606 2618 1532
617 2629 1537
617 2629 1543
617 2629 1548
627 2639 1553
627 2650 1558
627 2650 1563
627 2650 1569
627 2650 1574
638 2650 1579
638 2650 1584
638 2639 1589
638 2618 1595
638 2608 1600
638 2587 1605
627 2577 1610
617 2566 1616
617 2556 1621
617 2545 1626
606 2545 1631
606 2535 1636
606 2535 1642
596 2525 1647
596 2525 1652
575 2525 1657
565 2525 1662
554 2525 1668
554 2535 1673
544 2535 1678
544 2545 1683
.PEN_UP

.PEN_DOWN
690 2733 1922
690 2743 1927
690 2743 1932
690 2743 1938
690 2733 1943
690 2702 1948
690 2691 1953
690 2650 1958
690 2639 1964
690 2608 1969
690 2608 1974
690 2598 1979
690 2587 1984
679 2577 1990
679 2566 1995
679 2566 2000
669 2566 2005
669 2566 2011
.PEN_UP

.PEN_DOWN
731 2639 2252
731 2639 2257
742 2639 2262
742 2639 2268
742 2639 2273
763 2639 2278
763 2639 2283
763 2650 2288
773 2650 2294
783 2650 2299
783 2660 2304
783 2670 2309
783 2670 2314
783 2681 2320
783 2691 2325
763 2691 2330
763 2691 2335
763 2691 2341
752 2691 2346
752 2681 2351
742 2670 2356
742 2660 2361
742 2650 2367
742 2598 2372
742 2587 2377
742 2587 2382
752 2587 2387
752 2587 2393
752 2587 2398
763 2587 2403
773 2587 2408
783 2587 2413
.PEN_UP

.PEN_DOWN
846 2670 2582
846 2670 2587
846 2660 2592
846 2639 2598
846 2629 2603
846 2618 2608
846 2608 2613
856 2608 2618
856 2608 2624
856 2598 2629
856 2598 2634
867 2598 2639
867 2598 2644
877 2608 2650
877 2608 2655
877 2629 2660
877 2629 2665
877 2639 2671
877 2639 2676
888 2650 2681
888 2650 2686
888 2639 2691
888 2629 2697
888 2618 2702
888 2618 2707
898 2608 2712
898 2608 2717
898 2598 2723
898 2598 2728
898 2587 2733
908 2587 2738
908 2598 2743
919 2598 2749
919 2608 2754
929 2608 2759
929 2618 2764
929 2629 2770
929 2639 2775
940 2650 2780
940 2670 2785
940 2670 2790
.PEN_UP

.PEN_DOWN
1023 2629 3076
1013 2639 3081
1013 2639 3086
1013 2650 3092
1013 2650 3097
1013 2650 3102
1002 2650 3107
1002 2639 3112
992 2639 3118
981 2629 3123
981 2629 3128
971 2618 3133
971 2608 3138
971 2577 3144
981 2577 3149
981 2577 3154
992 2577 3159
1002 2577 3165
1002 2577 3170
1013 2587 3175
1023 2598 3180
1033 2608 3185
1033 2618 3191
1033 2618 3196
1033 2639 3201
1033 2639 3206
1033 2650 3211
1023 2650 3217
1023 2650 3222
1023 2660 3227
1013 2660 3232
1013 2650 3237
1013 2650 3243
.PEN_UP

.PEN_DOWN
1085 2650 3515
1085 2650 3520
1085 2660 3525
1085 2660 3531
1085 2660 3536
1085 2660 3541
1075 2650 3546
1075 2650 3551
1065 2650 3557
1065 2639 3562
1054 2629 3567
1054 2629 3572
1054 2618 3578
1054 2587 3583
1054 2577 3588
1065 2577 3593
1065 2577 3598
1065 2566 3604
1085 2566 3609
1085 2566 3614
1085 2577 3619
1085 2587 3624
1096 2587 3630
1096 2598 3635
1096 2608 3640
1106 2618 3645
1106 2670 3650
1096 2670 3656
1096 2670 3661
1096 2660 3666
1096 2650 3671
.PEN_UP

.PEN_DOWN
1210 2650 3900
1210 2650 3905
1200 2650 3910
1200 2660 3916
1190 2660 3921
1190 2660 3926
1190 2660 3931
1179 2660 3936
1169 2670 3942
1169 2670 3947
1158 2660 3952
1158 2650 3957
1148 2650 3962
1148 2629 3968
1148 2608 3973
1148 2598 3978
1158 2598 3983
1158 2587 3989
1158 2587 3994
1190 2587 3999
1190 2598 4004
1200 2608 4009
1210 2608 4015
1221 2618 4020
1221 2639 4025
1231 2650 4030
1231 2660 4035
1242 2670 4041
1242 2681 4046
1242 2702 4051
1242 2712 4056
1242 2827 4061
1242 2837 4067
1242 2837 4072
1242 2837 4077
1231 2827 4082
1231 2733 4088
1242 2712 4093
1242 2702 4098
1242 2691 4103
1242 2598 4108
.PEN_UP

.PEN_DOWN
1367 2608 5684
1367 2618 5689
1367 2618 5694
1367 2618 5700
1367 2608 5705
1367 2608 5710
1367 2608 5715
1367 2608 5720
1367 2598 5726
1367 2587 5731
1356 2587 5736
1356 2577 5741
1356 2566 5746
1346 2556 5752
1346 2545 5757
1346 2545 5762
1346 2535 5767
1335 2525 5773
1335 2525 5778
1335 2525 5783
1335 2514 5788
1335 2514 5793
1325 2504 5799
1325 2504 5804
1325 2514 5809
1325 2525 5814
.PEN_UP

.PEN_DOWN
1481 2608 6123
1492 2608 6128
1492 2608 6133
1502 2608 6139
1502 2608 6144
1502 2618 6149
1513 2629 6154
1523 2629 6159
1533 2639 6165
1544 2650 6170
1554 2660 6175
1554 2670 6180
1565 2670 6186
1565 2681 6191
1565 2681 6196
1575 2691 6201
1575 2702 6206
1585 2702 6212
1585 2712 6217
1585 2712 6222
1585 2723 6227
1585 2723 6232
1585 2723 6238
1585 2723 6243
1596 2723 6248
1596 2723 6253
1596 2712 6258
1596 2702 6264
1606 2691 6269
1606 2681 6274
1606 2670 6279
1606 2660 6284
1617 2650 6290
1617 2650 6295
1627 2639 6300
1627 2629 6305
1638 2629 6310
1648 2629 6316
1648 2618 6321
1648 2618 6326
1648 2618 6331
1658 2618 6337
1658 2618 6342
1658 2629 6347
1658 2639 6352
1658 2639 6357
1669 2650 6363
1669 2660 6368
1669 2670 6373
1669 2712 6378
1669 2712 6383
1679 2723 6389
1679 2795 6394
1679 2806 6399
1679 2806 6404
1679 2806 6409
1679 2806 6415
1669 2806 6420
1669 2806 6425
1669 2795 6430
1669 2775 6436
.PEN_UP

.PEN_DOWN
1752 2754 6837
1752 2764 6842
1752 2764 6847
1763 2764 6853
1763 2764 6858
1773 2754 6863
1773 2754 6868
1773 2754 6873
1773 2743 6879
1773 2702 6884
1773 2681 6889
1773 2681 6894
1773 2670 6900
1773 2670 6905
1763 2660 6910
1763 2660 6915
1763 2650 6920
1763 2650 6926
1763 2650 6931
1752 2650 6936
1752 2650 6941
1742 2639 6946
1700 2639 6952
1690 2650 6957
1690 2650 6962
1679 2650 6967
1679 2650 6972
1679 2650 6978
1679 2650 6983
1669 2660 6988
1679 2670 6993
.PEN_UP

.PEN_DOWN
1721 2837 7332
1710 2837 7337
1710 2837 7342
1710 2837 7348
1721 2827 7353
1763 2827 7358
1763 2827 7363
1825 2827 7368
.PEN_UP

.COMMENT End of File
