.VERSION 1.0
.COMMENT File s146n16

.COMMENT See "A Comparison of Approaches to On-line
              Handwritten Character Recognition"
             (Rob Kassel, MIT PhD Thesis, 1995)
             for complete specifications and
             benchmarks on this data.

.DATA_SOURCE MIT_LCS_SLS
.DATA_ID MIT_Natural_Handprint_95

.DATA_CONTACT
 Name: Rob Kassel
 Email: rob@goldilocks.lcs.mit.edu
 Phone: 1-617-253-3049
 Fax: 1-617-258-8642
 Address: Spoken Language Systems Group
          Laboratory for Computer Science
          Massachusetts Institute of Technology
          Room NE43-601
          Cambridge, MA  02139, USA

.SETUP
 Site: MIT
 Writer motivation: Paid
 Writer physical position: Seated at desk
 Instructions given to the writer: Minimal; printing required;
  capitalize initial letter; no correcting; writing to be
  examined later.
 Prompting: Aural prompts, both string and spelled
 Recognizer feedback: no
 Form layout: large writing area, no guides, minimal left/right bias

.DATA_INFO
 Alphabet: English alphanumerics plus symbols to indicate
           connections, ligatures, embellishments, and pen skips
.PAD
 Machine name: Wacom 648A
 Brand: Wacom
 Type: 648A
 Serial Nr.: 160039
 Sensor: Electromagnetic, wireless pen
 Pen: Untethered, tip switch only
 Driver: Mircosoft Windows for Pen Computing V1.0
 Sampling mode: Using Microsoft Visual Basic 2.0 controls
 Sampling rate: 193 Hz
 Resolution: 0.001 inches/unit
 Accuracy: 0.01 inches
 Display: Backlit LCD screen, 640x480
 Inking: 1 pixel wide black on white
.X_DIM 4975
.Y_DIM 3058
.X_POINTS_PER_INCH 100
.Y_POINTS_PER_INCH 100

.ALPHABET "A" "B" "C" "D" "E" "F" "G"
          "H" "I" "J" "K" "L" "M" "N"
          "O" "P" "Q" "R" "S" "T" "U"
          "V" "W" "X" "Y" "Z"
          "a" "b" "c" "d" "e" "f" "g"
          "h" "i" "j" "k" "l" "m" "n"
          "o" "p" "q" "r" "s" "t" "u"
          "v" "w" "x" "y" "z"
          "0" "1" "2" "3" "4"
          "5" "6" "7" "8" "9"
          "!" "&" "*" "+" 

.WRITER_ID 146
.STYLE PRINTED
.HAND R
.AGE 17
.SEX M
.WRITER_INFO
 Group: Development
 Weight: 130
 Student: Yes
 Where educated: NJ
 Home language: English & Hebrew
 Name: Nimrod

.COORD X Y T
.HIERARCHY WORD LETTER
.SEGMENT WORD 0-6 ? "94095"
.SEGMENT LETTER 0 ? "9"
.SEGMENT LETTER 1-2 ? "4"
.SEGMENT LETTER 3 ? "0"
.SEGMENT LETTER 4 ? "9"
.SEGMENT LETTER 5-6 ? "5"

.COMMENT Prompt string: "94095"
.COMMENT Recognizer string: "94095"
.COMMENT Transcriber Comment: ""

.PEN_DOWN
402 2781 0
402 2781 5
402 2781 10
402 2781 16
392 2781 21
381 2781 26
381 2781 31
371 2781 36
371 2781 42
350 2760 47
350 2760 52
350 2760 57
340 2750 62
340 2739 68
329 2739 73
329 2729 78
329 2718 83
329 2698 89
329 2698 94
340 2698 99
340 2698 104
350 2698 109
371 2698 115
371 2698 120
381 2708 125
392 2718 130
402 2729 135
402 2729 141
402 2729 146
413 2739 151
413 2750 156
423 2770 161
423 2770 167
423 2781 172
423 2781 177
423 2781 182
423 2781 188
423 2770 193
423 2770 198
423 2750 203
423 2739 208
423 2729 214
413 2718 219
413 2698 224
402 2687 229
402 2677 234
402 2666 240
402 2656 245
402 2645 250
392 2635 255
392 2625 260
392 2604 266
392 2604 271
392 2593 276
392 2583 281
392 2583 286
392 2573 292
392 2562 297
381 2562 302
381 2573 307
.PEN_UP

.PEN_DOWN
485 2791 604
475 2791 609
475 2791 614
475 2781 620
465 2781 625
465 2770 630
465 2750 635
465 2750 640
465 2729 646
465 2718 651
465 2708 656
465 2708 661
465 2708 666
475 2708 672
475 2708 677
496 2708 682
506 2708 687
517 2708 693
517 2708 698
527 2708 703
527 2718 708
538 2718 713
538 2718 719
548 2718 724
548 2718 729
548 2718 734
.PEN_UP

.PEN_DOWN
579 2812 989
579 2812 994
579 2802 999
579 2802 1005
569 2791 1010
569 2770 1015
569 2760 1020
569 2750 1025
569 2729 1031
558 2718 1036
558 2698 1041
548 2687 1046
548 2677 1052
548 2656 1057
548 2645 1062
548 2635 1067
538 2604 1072
538 2593 1078
538 2573 1083
538 2573 1088
538 2562 1093
538 2562 1098
527 2552 1104
527 2552 1109
527 2541 1114
527 2552 1119
527 2552 1124
527 2552 1130
.PEN_UP

.PEN_DOWN
683 2760 1263
673 2760 1268
673 2760 1273
673 2770 1279
673 2770 1284
663 2770 1289
652 2770 1294
652 2770 1299
652 2750 1305
652 2739 1310
652 2739 1315
642 2739 1320
631 2729 1326
631 2718 1331
631 2708 1336
621 2698 1341
621 2687 1346
621 2687 1352
621 2677 1357
621 2614 1362
631 2614 1367
642 2614 1372
652 2614 1378
652 2625 1383
663 2625 1388
673 2635 1393
673 2645 1398
694 2666 1404
694 2677 1409
704 2687 1414
704 2698 1419
704 2708 1424
704 2750 1430
704 2750 1435
694 2760 1440
694 2770 1445
694 2770 1450
683 2770 1456
683 2781 1461
673 2781 1466
673 2781 1471
663 2781 1477
663 2781 1482
663 2781 1487
663 2781 1492
652 2781 1497
652 2781 1503
652 2781 1508
642 2781 1513
642 2770 1518
.PEN_UP

.PEN_DOWN
798 2823 1813
788 2823 1818
788 2833 1823
777 2833 1829
777 2823 1834
767 2823 1839
767 2823 1844
767 2812 1849
767 2812 1855
767 2802 1860
756 2791 1865
756 2781 1870
746 2770 1876
746 2760 1881
746 2760 1886
746 2739 1891
746 2739 1896
756 2729 1902
756 2729 1907
767 2729 1912
777 2729 1917
788 2739 1922
798 2750 1928
798 2760 1933
819 2770 1938
819 2781 1943
829 2781 1948
829 2791 1954
829 2802 1959
829 2802 1964
840 2812 1969
840 2823 1974
829 2823 1980
829 2770 1985
829 2760 1990
829 2750 1995
829 2729 2000
819 2718 2006
819 2708 2011
819 2698 2016
819 2687 2021
819 2666 2027
808 2645 2032
808 2635 2037
808 2625 2042
808 2614 2047
808 2604 2053
808 2583 2058
798 2583 2063
798 2593 2068
808 2604 2073
808 2614 2079
.PEN_UP

.PEN_DOWN
954 2802 2417
944 2802 2422
944 2802 2427
944 2802 2433
944 2802 2438
933 2791 2443
933 2791 2448
923 2781 2453
923 2781 2459
913 2770 2464
913 2760 2469
913 2750 2474
913 2739 2480
902 2729 2485
902 2708 2490
913 2708 2495
913 2698 2500
913 2698 2506
954 2698 2511
965 2698 2516
965 2698 2521
965 2687 2526
965 2687 2532
975 2687 2537
975 2677 2542
975 2666 2547
975 2656 2552
965 2656 2558
965 2645 2563
965 2645 2568
954 2635 2573
954 2625 2578
944 2625 2584
944 2614 2589
933 2614 2594
923 2604 2599
881 2604 2604
881 2614 2610
871 2614 2615
860 2625 2620
860 2625 2625
.PEN_UP

.PEN_DOWN
933 2833 2856
933 2843 2861
954 2843 2866
954 2833 2872
954 2833 2877
975 2833 2882
975 2833 2887
985 2823 2892
985 2823 2898
1027 2823 2903
1027 2823 2908
1038 2833 2913
.PEN_UP

.COMMENT End of File
