.VERSION 1.0
.COMMENT File s146i04

.COMMENT See "A Comparison of Approaches to On-line
              Handwritten Character Recognition"
             (Rob Kassel, MIT PhD Thesis, 1995)
             for complete specifications and
             benchmarks on this data.

.DATA_SOURCE MIT_LCS_SLS
.DATA_ID MIT_Natural_Handprint_95

.DATA_CONTACT
 Name: Rob Kassel
 Email: rob@goldilocks.lcs.mit.edu
 Phone: 1-617-253-3049
 Fax: 1-617-258-8642
 Address: Spoken Language Systems Group
          Laboratory for Computer Science
          Massachusetts Institute of Technology
          Room NE43-601
          Cambridge, MA  02139, USA

.SETUP
 Site: MIT
 Writer motivation: Paid
 Writer physical position: Seated at desk
 Instructions given to the writer: Minimal; printing required;
  capitalize initial letter; no correcting; writing to be
  examined later.
 Prompting: Aural prompts, both string and spelled
 Recognizer feedback: no
 Form layout: large writing area, no guides, minimal left/right bias

.DATA_INFO
 Alphabet: English alphanumerics plus symbols to indicate
           connections, ligatures, embellishments, and pen skips
.PAD
 Machine name: Wacom 648A
 Brand: Wacom
 Type: 648A
 Serial Nr.: 160039
 Sensor: Electromagnetic, wireless pen
 Pen: Untethered, tip switch only
 Driver: Mircosoft Windows for Pen Computing V1.0
 Sampling mode: Using Microsoft Visual Basic 2.0 controls
 Sampling rate: 193 Hz
 Resolution: 0.001 inches/unit
 Accuracy: 0.01 inches
 Display: Backlit LCD screen, 640x480
 Inking: 1 pixel wide black on white
.X_DIM 4975
.Y_DIM 3058
.X_POINTS_PER_INCH 100
.Y_POINTS_PER_INCH 100

.ALPHABET "A" "B" "C" "D" "E" "F" "G"
          "H" "I" "J" "K" "L" "M" "N"
          "O" "P" "Q" "R" "S" "T" "U"
          "V" "W" "X" "Y" "Z"
          "a" "b" "c" "d" "e" "f" "g"
          "h" "i" "j" "k" "l" "m" "n"
          "o" "p" "q" "r" "s" "t" "u"
          "v" "w" "x" "y" "z"
          "0" "1" "2" "3" "4"
          "5" "6" "7" "8" "9"
          "!" "&" "*" "+" 

.WRITER_ID 146
.STYLE PRINTED
.HAND R
.AGE 17
.SEX M
.WRITER_INFO
 Group: Development
 Weight: 130
 Student: Yes
 Where educated: NJ
 Home language: English & Hebrew
 Name: Nimrod

.COORD X Y T
.HIERARCHY WORD
.SEGMENT WORD 0-18 ? "UNTRANSCRIBED!!!"

.COMMENT Prompt string: ""
.COMMENT Recognizer string: "ttebrewl Ehglish"
.COMMENT Transcriber Comment: "Unchecked and unaligned transcription."

.PEN_DOWN
460 2785 0
460 2785 5
460 2785 10
471 2795 16
471 2795 21
471 2775 26
471 2764 31
471 2754 36
460 2743 42
460 2733 47
460 2712 52
460 2702 57
460 2681 62
460 2670 68
460 2660 73
450 2639 78
450 2629 83
450 2618 89
450 2587 94
450 2587 99
450 2577 104
450 2577 109
450 2577 115
450 2577 120
440 2577 125
.PEN_UP

.PEN_DOWN
533 2785 440
533 2785 445
533 2785 450
533 2785 456
533 2785 461
533 2785 466
533 2764 471
533 2764 476
523 2764 482
523 2733 487
523 2723 492
523 2712 497
523 2702 502
513 2681 508
513 2670 513
513 2670 518
513 2639 523
513 2629 529
513 2608 534
513 2608 539
502 2598 544
502 2587 549
492 2587 555
.PEN_UP

.PEN_DOWN
440 2702 769
440 2712 774
440 2712 779
450 2712 785
460 2702 790
471 2702 795
471 2702 800
492 2702 805
502 2702 811
502 2702 816
513 2702 821
513 2712 826
523 2712 832
523 2712 837
523 2712 842
533 2712 847
533 2712 852
.PEN_UP

.PEN_DOWN
596 2712 1044
596 2723 1049
596 2723 1054
596 2723 1060
617 2723 1065
617 2723 1070
617 2723 1075
617 2733 1080
627 2733 1086
638 2743 1091
638 2775 1096
638 2775 1101
627 2775 1106
627 2775 1112
627 2775 1117
627 2775 1122
596 2775 1127
596 2775 1133
585 2764 1138
585 2764 1143
585 2754 1148
575 2754 1153
575 2743 1159
565 2733 1164
565 2723 1169
565 2723 1174
565 2670 1179
565 2670 1185
565 2660 1190
565 2660 1195
575 2660 1200
585 2650 1205
585 2650 1211
596 2650 1216
606 2650 1221
648 2650 1226
658 2650 1232
658 2650 1237
658 2650 1242
658 2660 1247
669 2660 1252
.PEN_UP

.PEN_DOWN
721 2806 1538
721 2816 1543
721 2816 1548
721 2806 1554
721 2806 1559
721 2806 1564
721 2795 1569
721 2775 1574
721 2712 1580
731 2702 1585
731 2681 1590
731 2670 1595
731 2660 1600
731 2650 1606
731 2639 1611
731 2660 1616
742 2670 1621
742 2681 1627
742 2681 1632
752 2691 1637
752 2702 1642
752 2702 1647
763 2702 1653
763 2702 1658
763 2702 1663
773 2702 1668
773 2702 1673
773 2691 1679
773 2691 1684
773 2691 1689
783 2691 1694
783 2660 1699
773 2650 1705
773 2639 1710
773 2639 1715
773 2629 1720
763 2629 1726
763 2629 1731
752 2618 1736
731 2618 1741
721 2618 1746
700 2618 1752
700 2618 1757
700 2618 1762
690 2618 1767
690 2629 1772
690 2629 1778
690 2629 1783
.PEN_UP

.PEN_DOWN
835 2723 2142
825 2723 2147
825 2712 2152
825 2712 2158
825 2670 2163
825 2660 2168
825 2650 2173
825 2639 2178
825 2618 2184
815 2618 2189
815 2618 2194
815 2660 2199
825 2670 2204
825 2691 2210
825 2702 2215
825 2702 2220
835 2712 2225
846 2723 2231
846 2723 2236
856 2723 2241
856 2723 2246
856 2733 2251
856 2733 2257
877 2733 2262
877 2733 2267
877 2723 2272
888 2723 2277
888 2723 2283
.PEN_UP

.PEN_DOWN
940 2691 2472
929 2691 2477
929 2691 2482
929 2691 2488
929 2681 2493
929 2681 2498
940 2681 2503
950 2681 2508
971 2681 2514
971 2681 2519
971 2691 2524
981 2691 2529
981 2702 2534
981 2712 2540
992 2712 2545
992 2733 2550
981 2733 2555
981 2743 2561
981 2743 2566
971 2743 2571
950 2743 2576
950 2743 2581
940 2733 2587
940 2723 2592
929 2723 2597
929 2712 2602
929 2702 2607
929 2691 2613
929 2691 2618
929 2670 2623
929 2660 2628
929 2639 2633
929 2629 2639
929 2629 2644
940 2629 2649
940 2618 2654
940 2618 2660
950 2618 2665
950 2618 2670
960 2618 2675
971 2618 2680
981 2629 2686
981 2629 2691
992 2629 2696
1002 2629 2701
1002 2639 2706
1013 2639 2712
1013 2639 2717
1013 2650 2722
.PEN_UP

.PEN_DOWN
1044 2681 2856
1044 2702 2861
1044 2702 2866
1044 2681 2872
1054 2670 2877
1054 2660 2882
1054 2650 2887
1054 2650 2892
1054 2608 2898
1065 2608 2903
1065 2598 2908
1075 2598 2913
1075 2608 2918
1075 2608 2924
1085 2608 2929
1085 2618 2934
1085 2629 2939
1085 2629 2945
1096 2639 2950
1096 2650 2955
1106 2660 2960
1106 2670 2965
1106 2670 2971
1106 2670 2976
1117 2670 2981
1117 2670 2986
1127 2670 2991
1127 2660 2997
1127 2660 3002
1127 2650 3007
1127 2650 3012
1138 2639 3017
1138 2629 3023
1138 2629 3028
1148 2618 3033
1148 2618 3038
1148 2618 3044
1148 2618 3049
1169 2618 3054
1169 2618 3059
1179 2629 3064
1190 2639 3070
1190 2650 3075
1190 2660 3080
1190 2670 3085
1190 2681 3090
1200 2691 3096
1200 2702 3101
1200 2712 3106
1200 2743 3111
1200 2743 3116
1200 2743 3122
1190 2743 3127
1190 2743 3132
1190 2743 3137
.PEN_UP

.PEN_DOWN
1304 2806 3570
1304 2816 3575
1304 2806 3580
1304 2806 3586
1304 2795 3591
1304 2785 3596
1304 2775 3601
1294 2764 3606
1294 2764 3612
1294 2754 3617
1283 2743 3622
1283 2723 3627
1283 2712 3632
1273 2691 3638
1273 2670 3643
1263 2660 3648
1252 2629 3653
1252 2608 3659
1252 2598 3664
1252 2587 3669
1242 2577 3674
1242 2566 3679
1242 2556 3685
1242 2556 3690
1242 2556 3695
1242 2556 3700
1242 2566 3705
1242 2577 3711
.PEN_UP

.PEN_DOWN
1440 2733 4174
1440 2733 4179
1440 2743 4184
1440 2743 4190
1440 2754 4195
1440 2754 4200
1440 2754 4205
1440 2743 4210
1440 2743 4216
1429 2743 4221
1429 2743 4226
1429 2743 4231
1429 2733 4236
1429 2733 4242
1429 2723 4247
1429 2712 4252
1429 2712 4257
1419 2702 4263
1419 2691 4268
1419 2691 4273
1419 2681 4278
1419 2670 4283
1419 2660 4289
1419 2650 4294
1419 2650 4299
1419 2608 4304
1419 2608 4309
1429 2608 4315
1440 2608 4320
1440 2608 4325
1460 2608 4330
1471 2608 4335
1492 2608 4341
1502 2618 4346
1502 2618 4351
1513 2618 4356
1513 2618 4362
1513 2618 4367
.PEN_UP

.PEN_DOWN
1440 2712 4724
1450 2712 4729
1460 2712 4734
1513 2712 4740
.PEN_UP

.PEN_DOWN
1440 2806 4943
1429 2806 4948
1450 2806 4953
1450 2806 4959
1460 2806 4964
1471 2806 4969
1481 2806 4974
1481 2806 4979
1492 2806 4985
1492 2806 4990
1502 2806 4995
1502 2795 5000
1502 2795 5006
.PEN_UP

.PEN_DOWN
1585 2754 5163
1585 2754 5168
1585 2754 5173
1585 2754 5179
1585 2743 5184
1585 2743 5189
1585 2743 5194
1575 2743 5199
1575 2733 5205
1575 2723 5210
1575 2702 5215
1565 2691 5220
1565 2681 5226
1565 2670 5231
1565 2660 5236
1565 2650 5241
1565 2639 5246
1554 2629 5252
1554 2629 5257
1554 2629 5262
1565 2639 5267
1565 2650 5272
1565 2660 5278
1575 2681 5283
1575 2691 5288
1585 2702 5293
1585 2712 5298
1596 2723 5304
1606 2733 5309
1606 2733 5314
1617 2743 5319
1617 2743 5324
1627 2743 5330
1627 2743 5335
1638 2743 5340
1638 2743 5345
1638 2733 5350
1648 2733 5356
1648 2733 5361
1648 2712 5366
1648 2681 5371
1648 2670 5377
1648 2660 5382
1648 2629 5387
1648 2629 5392
1648 2618 5397
.PEN_UP

.PEN_DOWN
1752 2723 5602
1752 2723 5607
1742 2723 5612
1742 2723 5618
1721 2723 5623
1721 2723 5628
1710 2723 5633
1710 2723 5638
1700 2712 5644
1700 2691 5649
1700 2681 5654
1700 2660 5659
1710 2650 5664
1710 2650 5670
1721 2660 5675
1721 2660 5680
1731 2660 5685
1731 2660 5691
1742 2670 5696
1742 2670 5701
1742 2670 5706
1752 2681 5711
1752 2691 5717
1763 2702 5722
1763 2702 5727
1763 2712 5732
1763 2712 5737
1773 2723 5743
1773 2723 5748
1773 2723 5753
1763 2712 5758
1763 2702 5763
1763 2691 5769
1763 2681 5774
1763 2660 5779
1763 2650 5784
1763 2639 5790
1763 2618 5795
1752 2618 5800
1752 2608 5805
1752 2598 5810
1742 2587 5816
1742 2587 5821
1742 2587 5826
1742 2577 5831
1731 2577 5836
1731 2577 5842
1679 2577 5847
1679 2587 5852
1669 2587 5857
1658 2587 5862
1658 2587 5868
1658 2587 5873
1658 2598 5878
1658 2598 5883
.PEN_UP

.PEN_DOWN
1825 2785 6097
1825 2754 6102
1825 2743 6107
1835 2723 6113
1835 2650 6118
1825 2639 6123
1825 2618 6128
1825 2618 6133
1825 2608 6139
.PEN_UP

.PEN_DOWN
1877 2681 6316
1877 2681 6321
1877 2691 6326
1888 2691 6332
1898 2681 6337
1898 2660 6342
1888 2650 6347
1888 2639 6352
1888 2639 6358
1888 2629 6363
.PEN_UP

.PEN_DOWN
1898 2795 6536
1898 2795 6541
1898 2785 6546
1898 2785 6552
1898 2775 6557
1898 2775 6562
1908 2775 6567
1908 2775 6572
1919 2764 6578
1919 2754 6583
.PEN_UP

.PEN_DOWN
2013 2733 6701
2002 2733 6706
2002 2733 6711
2002 2743 6717
1981 2743 6722
1981 2733 6727
1971 2733 6732
1971 2733 6737
1960 2733 6743
1960 2733 6748
1950 2723 6753
1950 2712 6758
1940 2702 6764
1940 2681 6769
1940 2681 6774
1950 2670 6779
1950 2670 6784
1950 2670 6790
1950 2670 6795
1971 2670 6800
1971 2670 6805
1992 2670 6810
1992 2670 6816
2002 2670 6821
2013 2660 6826
2013 2650 6831
2023 2650 6836
2023 2650 6842
2023 2650 6847
2033 2650 6852
2033 2629 6857
2023 2618 6862
2023 2618 6868
2023 2608 6873
2013 2608 6878
2013 2608 6883
2002 2608 6888
1992 2608 6894
1992 2598 6899
1950 2598 6904
1950 2608 6909
1929 2608 6915
1929 2608 6920
1929 2608 6925
.PEN_UP

.PEN_DOWN
2096 2785 7085
2096 2785 7090
2096 2702 7095
2096 2681 7101
2096 2670 7106
2096 2670 7111
2106 2660 7116
2106 2650 7121
2106 2639 7127
2106 2629 7132
2106 2629 7137
2106 2618 7142
2117 2618 7148
2117 2618 7153
2117 2629 7158
2117 2629 7163
2117 2639 7168
2127 2650 7174
2127 2660 7179
2138 2660 7184
2138 2670 7189
2148 2670 7194
2148 2670 7200
2158 2660 7205
2158 2660 7210
2158 2660 7215
2169 2639 7220
2179 2639 7226
2179 2629 7231
2179 2618 7236
2179 2608 7241
2179 2598 7246
2179 2577 7252
.PEN_UP

.COMMENT End of File
