.VERSION 1.0
.COMMENT File s146i01

.COMMENT See "A Comparison of Approaches to On-line
              Handwritten Character Recognition"
             (Rob Kassel, MIT PhD Thesis, 1995)
             for complete specifications and
             benchmarks on this data.

.DATA_SOURCE MIT_LCS_SLS
.DATA_ID MIT_Natural_Handprint_95

.DATA_CONTACT
 Name: Rob Kassel
 Email: rob@goldilocks.lcs.mit.edu
 Phone: 1-617-253-3049
 Fax: 1-617-258-8642
 Address: Spoken Language Systems Group
          Laboratory for Computer Science
          Massachusetts Institute of Technology
          Room NE43-601
          Cambridge, MA  02139, USA

.SETUP
 Site: MIT
 Writer motivation: Paid
 Writer physical position: Seated at desk
 Instructions given to the writer: Minimal; printing required;
  capitalize initial letter; no correcting; writing to be
  examined later.
 Prompting: Aural prompts, both string and spelled
 Recognizer feedback: no
 Form layout: large writing area, no guides, minimal left/right bias

.DATA_INFO
 Alphabet: English alphanumerics plus symbols to indicate
           connections, ligatures, embellishments, and pen skips
.PAD
 Machine name: Wacom 648A
 Brand: Wacom
 Type: 648A
 Serial Nr.: 160039
 Sensor: Electromagnetic, wireless pen
 Pen: Untethered, tip switch only
 Driver: Mircosoft Windows for Pen Computing V1.0
 Sampling mode: Using Microsoft Visual Basic 2.0 controls
 Sampling rate: 193 Hz
 Resolution: 0.001 inches/unit
 Accuracy: 0.01 inches
 Display: Backlit LCD screen, 640x480
 Inking: 1 pixel wide black on white
.X_DIM 4975
.Y_DIM 3058
.X_POINTS_PER_INCH 100
.Y_POINTS_PER_INCH 100

.ALPHABET "A" "B" "C" "D" "E" "F" "G"
          "H" "I" "J" "K" "L" "M" "N"
          "O" "P" "Q" "R" "S" "T" "U"
          "V" "W" "X" "Y" "Z"
          "a" "b" "c" "d" "e" "f" "g"
          "h" "i" "j" "k" "l" "m" "n"
          "o" "p" "q" "r" "s" "t" "u"
          "v" "w" "x" "y" "z"
          "0" "1" "2" "3" "4"
          "5" "6" "7" "8" "9"
          "!" "&" "*" "+" 

.WRITER_ID 146
.STYLE PRINTED
.HAND R
.AGE 17
.SEX M
.WRITER_INFO
 Group: Development
 Weight: 130
 Student: Yes
 Where educated: NJ
 Home language: English & Hebrew
 Name: Nimrod

.COORD X Y T
.HIERARCHY WORD
.SEGMENT WORD 0-6 ? "UNTRANSCRIBED!!!"

.COMMENT Prompt string: ""
.COMMENT Recognizer string: "Nimr?d"
.COMMENT Transcriber Comment: "Unchecked and unaligned transcription."

.PEN_DOWN
304 2577 0
304 2577 5
304 2577 10
304 2577 16
315 2577 21
315 2566 26
315 2577 31
315 2577 36
315 2577 42
315 2577 47
325 2587 52
325 2598 57
325 2608 62
335 2618 68
335 2618 73
335 2629 78
346 2629 83
346 2639 89
346 2650 94
346 2650 99
346 2650 104
356 2660 109
356 2670 115
356 2670 120
356 2681 125
356 2681 130
356 2681 135
356 2681 141
356 2691 146
356 2681 151
367 2681 156
367 2670 161
367 2670 167
377 2660 172
377 2660 177
377 2660 182
377 2650 188
377 2639 193
377 2629 198
377 2618 203
388 2618 208
388 2608 214
388 2598 219
398 2598 224
398 2587 229
408 2587 234
408 2577 240
408 2566 245
408 2566 250
419 2566 255
419 2556 260
419 2556 266
429 2556 271
429 2556 276
429 2556 281
429 2566 286
429 2577 292
429 2577 297
440 2587 302
440 2598 307
440 2598 312
440 2618 318
440 2629 323
440 2681 328
440 2691 333
440 2712 339
440 2712 344
440 2733 349
440 2733 354
440 2733 359
429 2733 365
.PEN_UP

.PEN_DOWN
513 2650 1099
513 2650 1104
513 2650 1109
513 2587 1115
513 2587 1120
513 2587 1125
513 2587 1130
.PEN_UP

.PEN_DOWN
481 2723 1483
481 2733 1488
481 2723 1493
492 2723 1499
492 2723 1504
492 2723 1509
.PEN_UP

.PEN_DOWN
606 2670 1923
606 2670 1928
606 2670 1933
606 2670 1939
606 2670 1944
606 2670 1949
606 2670 1954
606 2660 1959
606 2660 1965
606 2660 1970
606 2618 1975
606 2608 1980
596 2598 1986
596 2598 1991
596 2587 1996
596 2577 2001
596 2577 2006
596 2577 2012
596 2577 2017
596 2587 2022
596 2618 2027
596 2629 2032
596 2629 2038
596 2629 2043
596 2629 2048
606 2650 2053
606 2650 2058
606 2650 2064
606 2660 2069
617 2660 2074
617 2660 2079
617 2660 2084
617 2650 2090
617 2650 2095
617 2650 2100
627 2650 2105
627 2639 2110
627 2639 2116
627 2639 2121
638 2629 2126
638 2629 2131
638 2629 2137
638 2608 2142
638 2608 2147
638 2608 2152
638 2608 2157
638 2608 2163
638 2618 2168
638 2618 2173
648 2629 2178
658 2629 2183
658 2639 2189
658 2639 2194
658 2639 2199
669 2650 2204
669 2650 2209
669 2650 2215
669 2650 2220
669 2650 2225
679 2650 2230
679 2650 2236
679 2639 2241
679 2639 2246
679 2639 2251
690 2629 2256
690 2618 2262
690 2608 2267
690 2598 2272
690 2587 2277
690 2577 2282
690 2577 2288
679 2577 2293
.PEN_UP

.PEN_DOWN
763 2660 2856
763 2660 2861
763 2660 2866
763 2608 2872
763 2598 2877
763 2598 2882
763 2577 2887
752 2577 2892
752 2577 2898
752 2577 2903
752 2587 2908
752 2587 2913
752 2608 2918
752 2618 2924
763 2618 2929
763 2618 2934
763 2629 2939
763 2639 2945
763 2639 2950
773 2639 2955
783 2650 2960
783 2650 2965
783 2660 2971
794 2660 2976
794 2660 2981
794 2670 2986
794 2670 2991
804 2670 2997
815 2670 3002
815 2670 3007
825 2660 3012
825 2660 3017
825 2660 3023
825 2660 3028
835 2660 3033
835 2660 3038
835 2660 3044
835 2660 3049
.PEN_UP

.PEN_DOWN
950 2639 3515
950 2650 3520
940 2650 3525
940 2650 3531
940 2650 3536
940 2650 3541
940 2639 3546
929 2639 3551
929 2639 3557
929 2629 3562
929 2629 3567
919 2629 3572
919 2629 3578
919 2618 3583
908 2618 3588
908 2608 3593
898 2608 3598
898 2598 3604
898 2587 3609
898 2577 3614
898 2577 3619
898 2577 3624
908 2577 3630
908 2566 3635
940 2566 3640
940 2566 3645
940 2577 3650
950 2577 3656
950 2587 3661
950 2587 3666
950 2598 3671
960 2618 3676
960 2670 3682
950 2670 3687
950 2670 3692
950 2670 3697
929 2670 3702
929 2650 3708
.PEN_UP

.PEN_DOWN
1033 2660 4120
1033 2670 4125
1033 2670 4130
1033 2670 4136
1023 2660 4141
1023 2660 4146
1023 2650 4151
1023 2650 4156
1013 2650 4162
1013 2629 4167
1002 2629 4172
1002 2618 4177
992 2608 4182
992 2608 4188
992 2598 4193
992 2598 4198
1002 2587 4203
1002 2587 4209
1023 2587 4214
1033 2598 4219
1033 2598 4224
1044 2598 4229
1044 2598 4235
1054 2608 4240
1054 2618 4245
1065 2618 4250
1065 2629 4255
1065 2639 4261
1065 2650 4266
1065 2660 4271
1065 2723 4276
1065 2733 4281
1065 2743 4287
1065 2775 4292
1054 2775 4297
1054 2785 4302
1054 2764 4308
1065 2764 4313
1065 2754 4318
1065 2743 4323
1065 2733 4328
1065 2712 4334
1075 2691 4339
1075 2681 4344
1075 2670 4349
1075 2660 4354
1075 2650 4360
1085 2639 4365
1085 2618 4370
1085 2618 4375
.PEN_UP

.COMMENT End of File
