.VERSION 1.0
.COMMENT File s108i02

.COMMENT See "A Comparison of Approaches to On-line
              Handwritten Character Recognition"
             (Rob Kassel, MIT PhD Thesis, 1995)
             for complete specifications and
             benchmarks on this data.

.DATA_SOURCE MIT_LCS_SLS
.DATA_ID MIT_Natural_Handprint_95

.DATA_CONTACT
 Name: Rob Kassel
 Email: rob@goldilocks.lcs.mit.edu
 Phone: 1-617-253-3049
 Fax: 1-617-258-8642
 Address: Spoken Language Systems Group
          Laboratory for Computer Science
          Massachusetts Institute of Technology
          Room NE43-601
          Cambridge, MA  02139, USA

.SETUP
 Site: MIT
 Writer motivation: Paid
 Writer physical position: Seated at desk
 Instructions given to the writer: Minimal; printing required;
  capitalize initial letter; no correcting; writing to be
  examined later.
 Prompting: Aural prompts, both string and spelled
 Recognizer feedback: no
 Form layout: large writing area, no guides, minimal left/right bias

.DATA_INFO
 Alphabet: English alphanumerics plus symbols to indicate
           connections, ligatures, embellishments, and pen skips
.PAD
 Machine name: Wacom 648A
 Brand: Wacom
 Type: 648A
 Serial Nr.: 160039
 Sensor: Electromagnetic, wireless pen
 Pen: Untethered, tip switch only
 Driver: Mircosoft Windows for Pen Computing V1.0
 Sampling mode: Using Microsoft Visual Basic 2.0 controls
 Sampling rate: 193 Hz
 Resolution: 0.001 inches/unit
 Accuracy: 0.01 inches
 Display: Backlit LCD screen, 640x480
 Inking: 1 pixel wide black on white
.X_DIM 4975
.Y_DIM 3058
.X_POINTS_PER_INCH 100
.Y_POINTS_PER_INCH 100

.ALPHABET "A" "B" "C" "D" "E" "F" "G"
          "H" "I" "J" "K" "L" "M" "N"
          "O" "P" "Q" "R" "S" "T" "U"
          "V" "W" "X" "Y" "Z"
          "a" "b" "c" "d" "e" "f" "g"
          "h" "i" "j" "k" "l" "m" "n"
          "o" "p" "q" "r" "s" "t" "u"
          "v" "w" "x" "y" "z"
          "0" "1" "2" "3" "4"
          "5" "6" "7" "8" "9"
          "!" "&" "*" "+" 

.WRITER_ID 108
.STYLE PRINTED
.HAND R
.AGE 53
.SEX M
.WRITER_INFO
 Group: Rejected
 Weight: 180
 Student: No
 Where educated: MA
 Home language: English
 Name: Charles

.COORD X Y T
.HIERARCHY WORD
.SEGMENT WORD 0-10 ? "UNTRANSCRIBED!!!"

.COMMENT Prompt string: ""
.COMMENT Recognizer string: "Cnmbrcdge ma"
.COMMENT Transcriber Comment: "Unchecked and unaligned transcription."

.PEN_DOWN
815 2795 0
815 2806 5
815 2806 10
815 2806 16
815 2806 21
815 2785 26
815 2764 31
815 2743 36
825 2723 42
825 2712 47
825 2702 52
825 2702 57
825 2723 62
825 2743 68
815 2775 73
794 2785 78
783 2795 83
773 2795 89
752 2806 94
752 2806 99
731 2816 104
700 2816 109
690 2806 115
679 2806 120
658 2795 125
658 2785 130
638 2775 135
617 2743 141
606 2733 146
596 2712 151
596 2691 156
596 2670 161
596 2650 167
617 2608 172
627 2587 177
638 2556 182
658 2545 188
700 2525 193
731 2514 198
773 2514 203
794 2514 208
804 2535 214
815 2535 219
815 2545 224
825 2545 229
.PEN_UP

.PEN_DOWN
929 2629 1098
919 2650 1103
919 2650 1108
919 2639 1114
929 2618 1119
940 2598 1124
940 2556 1129
940 2525 1134
940 2504 1140
940 2504 1145
950 2514 1150
950 2535 1155
950 2598 1160
950 2629 1166
950 2650 1171
960 2660 1176
960 2670 1181
971 2670 1187
992 2670 1192
1002 2660 1197
1013 2650 1202
1033 2618 1207
1033 2587 1213
1033 2566 1218
1044 2545 1223
1054 2525 1228
1054 2504 1233
1054 2493 1239
1033 2493 1244
.PEN_UP

.PEN_DOWN
898 2556 1702
898 2566 1707
908 2577 1712
940 2587 1718
971 2598 1723
992 2608 1728
1002 2608 1733
1013 2618 1738
1023 2629 1744
1044 2639 1749
1044 2650 1754
1065 2650 1759
1075 2639 1764
1085 2618 1770
1096 2608 1775
1106 2587 1780
1117 2556 1785
1127 2535 1791
1127 2514 1796
1138 2504 1801
1138 2504 1806
1138 2514 1811
1127 2545 1817
1127 2608 1822
1127 2629 1827
1127 2629 1832
1138 2629 1837
1138 2618 1843
1148 2618 1848
1158 2587 1853
1179 2556 1858
1179 2545 1863
1190 2535 1869
1190 2535 1874
1200 2545 1879
1210 2556 1884
1221 2577 1890
1231 2608 1895
1231 2608 1900
1231 2598 1905
1252 2566 1910
1252 2545 1916
1273 2525 1921
1283 2504 1926
1294 2493 1931
1304 2483 1936
.PEN_UP

.PEN_DOWN
1429 2754 3075
1429 2764 3080
1429 2764 3085
1429 2764 3091
1429 2754 3096
1429 2702 3101
1419 2660 3106
1408 2629 3111
1388 2598 3117
1388 2577 3122
1388 2577 3127
1388 2577 3132
1388 2587 3138
1398 2598 3143
1408 2618 3148
1429 2639 3153
1460 2660 3158
1481 2670 3164
1533 2670 3169
1544 2650 3174
1554 2639 3179
1554 2598 3184
1544 2566 3190
1523 2545 3195
1492 2525 3200
1471 2514 3205
1460 2504 3210
1429 2504 3216
1408 2535 3221
1398 2545 3226
1398 2556 3231
1398 2566 3236
.PEN_UP

.PEN_DOWN
1638 2650 3735
1638 2650 3740
1648 2650 3745
1648 2629 3751
1658 2608 3756
1669 2587 3761
1669 2566 3766
1669 2545 3771
1679 2535 3777
1669 2545 3782
1669 2566 3787
1669 2587 3792
1679 2608 3798
1690 2629 3803
1700 2639 3808
1721 2639 3813
1742 2639 3818
1763 2629 3824
1773 2618 3829
1783 2608 3834
1794 2598 3839
1794 2587 3844
1804 2587 3850
.PEN_UP

.PEN_DOWN
1867 2650 4229
1867 2650 4234
1867 2639 4239
1867 2608 4245
1867 2587 4250
1877 2566 4255
1877 2566 4260
1898 2566 4265
.PEN_UP

.PEN_DOWN
2044 2785 4449
2044 2785 4454
2044 2785 4459
2054 2764 4465
2054 2743 4470
2065 2712 4475
2065 2681 4480
2065 2650 4485
2075 2639 4491
2075 2629 4496
2075 2629 4501
2075 2639 4506
2054 2670 4512
2044 2681 4517
2033 2681 4522
2013 2670 4527
1992 2660 4532
1981 2650 4538
1971 2618 4543
1971 2598 4548
1981 2577 4553
1992 2566 4558
1992 2556 4564
2013 2545 4569
2033 2545 4574
2054 2545 4579
.PEN_UP

.PEN_DOWN
2242 2650 5163
2242 2660 5168
2242 2670 5173
2231 2670 5179
2221 2681 5184
2210 2681 5189
2200 2670 5194
2190 2660 5199
2179 2650 5205
2179 2629 5210
2179 2608 5215
2190 2598 5220
2200 2598 5226
2210 2598 5231
2231 2608 5236
2242 2629 5241
2252 2629 5246
2252 2629 5252
2263 2629 5257
2273 2618 5262
2294 2587 5267
2304 2556 5272
2304 2514 5278
2315 2493 5283
2315 2462 5288
2315 2452 5293
2294 2441 5298
2283 2441 5304
2263 2452 5309
2221 2483 5314
2200 2514 5319
2179 2525 5324
2179 2545 5330
.PEN_UP

.PEN_DOWN
2367 2650 5822
2367 2650 5827
2367 2650 5832
2377 2639 5838
2388 2618 5843
2398 2608 5848
2429 2598 5853
2440 2587 5858
2460 2587 5864
2481 2598 5869
2481 2618 5874
2481 2639 5879
2460 2660 5884
2440 2681 5890
2429 2681 5895
2419 2670 5900
2408 2660 5905
2408 2629 5911
2419 2598 5916
2429 2577 5921
2450 2556 5926
2471 2545 5931
2513 2545 5937
.PEN_UP

.PEN_DOWN
3377 2733 7606
3377 2743 7611
3388 2743 7616
3388 2743 7622
3398 2733 7627
3408 2702 7632
3419 2660 7637
3419 2556 7642
3419 2556 7648
3429 2577 7653
3440 2608 7658
3440 2670 7663
3450 2712 7668
3450 2743 7674
3450 2743 7679
3450 2723 7684
3460 2691 7689
3460 2650 7695
3471 2618 7700
3481 2598 7705
3481 2598 7710
3492 2598 7715
3513 2629 7721
3533 2670 7726
3544 2712 7731
3565 2743 7736
3565 2754 7741
3565 2754 7747
3565 2743 7752
3575 2723 7757
3575 2650 7762
3565 2618 7767
3565 2598 7773
3575 2587 7778
3575 2587 7783
.PEN_UP

.PEN_DOWN
3700 2660 8430
3700 2670 8435
3690 2681 8440
3679 2681 8446
3658 2670 8451
3648 2660 8456
3638 2639 8461
3638 2618 8466
3638 2598 8472
3638 2587 8477
3658 2566 8482
3669 2566 8487
3690 2566 8492
3710 2587 8498
3721 2608 8503
3721 2618 8508
3721 2639 8513
3721 2639 8519
3710 2639 8524
3710 2629 8529
3710 2587 8534
3710 2577 8539
3721 2556 8545
3742 2545 8550
3752 2525 8555
3773 2525 8560
3783 2535 8565
3794 2545 8571
.PEN_UP

.COMMENT End of File
