.VERSION 1.0
.COMMENT File s051i02

.COMMENT See "A Comparison of Approaches to On-line
              Handwritten Character Recognition"
             (Rob Kassel, MIT PhD Thesis, 1995)
             for complete specifications and
             benchmarks on this data.

.DATA_SOURCE MIT_LCS_SLS
.DATA_ID MIT_Natural_Handprint_95

.DATA_CONTACT
 Name: Rob Kassel
 Email: rob@goldilocks.lcs.mit.edu
 Phone: 1-617-253-3049
 Fax: 1-617-258-8642
 Address: Spoken Language Systems Group
          Laboratory for Computer Science
          Massachusetts Institute of Technology
          Room NE43-601
          Cambridge, MA  02139, USA

.SETUP
 Site: MIT
 Writer motivation: Paid
 Writer physical position: Seated at desk
 Instructions given to the writer: Minimal; printing required;
  capitalize initial letter; no correcting; writing to be
  examined later.
 Prompting: Aural prompts, both string and spelled
 Recognizer feedback: no
 Form layout: large writing area, no guides, minimal left/right bias

.DATA_INFO
 Alphabet: English alphanumerics plus symbols to indicate
           connections, ligatures, embellishments, and pen skips
.PAD
 Machine name: Wacom 648A
 Brand: Wacom
 Type: 648A
 Serial Nr.: 160039
 Sensor: Electromagnetic, wireless pen
 Pen: Untethered, tip switch only
 Driver: Mircosoft Windows for Pen Computing V1.0
 Sampling mode: Using Microsoft Visual Basic 2.0 controls
 Sampling rate: 193 Hz
 Resolution: 0.001 inches/unit
 Accuracy: 0.01 inches
 Display: Backlit LCD screen, 640x480
 Inking: 1 pixel wide black on white
.X_DIM 4975
.Y_DIM 3058
.X_POINTS_PER_INCH 100
.Y_POINTS_PER_INCH 100

.ALPHABET "A" "B" "C" "D" "E" "F" "G"
          "H" "I" "J" "K" "L" "M" "N"
          "O" "P" "Q" "R" "S" "T" "U"
          "V" "W" "X" "Y" "Z"
          "a" "b" "c" "d" "e" "f" "g"
          "h" "i" "j" "k" "l" "m" "n"
          "o" "p" "q" "r" "s" "t" "u"
          "v" "w" "x" "y" "z"
          "0" "1" "2" "3" "4"
          "5" "6" "7" "8" "9"
          "!" "&" "*" "+" 

.WRITER_ID 51
.STYLE PRINTED
.HAND L
.AGE 20
.SEX F
.WRITER_INFO
 Group: Training
 Weight: 83
 Student: Yes
 Where educated: NY
 Home language: Gujarati
 Name: Anuja

.COORD X Y T
.HIERARCHY WORD
.SEGMENT WORD 0-14 ? "UNTRANSCRIBED!!!"

.COMMENT Prompt string: ""
.COMMENT Recognizer string: "N?w York s NY"
.COMMENT Transcriber Comment: "Unchecked and unaligned transcription."

.PEN_DOWN
617 2754 0
606 2754 5
606 2754 10
606 2754 16
606 2743 21
606 2754 26
606 2754 31
606 2754 36
606 2743 42
606 2723 47
606 2691 52
606 2650 57
606 2598 62
617 2577 68
617 2577 73
617 2577 78
617 2587 83
.PEN_UP

.PEN_DOWN
606 2764 550
606 2764 555
606 2764 560
617 2743 566
627 2712 571
648 2681 576
658 2639 581
690 2587 586
690 2556 592
700 2556 597
700 2566 602
700 2608 607
710 2639 612
710 2691 618
710 2733 623
710 2775 628
721 2785 633
721 2785 639
.PEN_UP

.PEN_DOWN
742 2629 989
742 2629 994
752 2639 999
783 2660 1005
794 2681 1010
804 2702 1015
804 2702 1020
794 2702 1025
783 2702 1031
773 2681 1036
752 2660 1041
752 2608 1046
773 2608 1052
794 2608 1057
815 2608 1062
.PEN_UP

.PEN_DOWN
856 2712 1483
856 2712 1488
856 2712 1493
856 2712 1499
856 2702 1504
867 2702 1509
867 2702 1514
867 2702 1519
867 2691 1525
867 2691 1530
867 2691 1535
867 2691 1540
867 2702 1546
867 2691 1551
867 2691 1556
867 2691 1561
867 2691 1566
867 2691 1572
867 2702 1577
867 2702 1582
867 2691 1587
867 2691 1592
867 2691 1598
867 2691 1603
867 2691 1608
867 2702 1613
867 2691 1618
867 2691 1624
867 2691 1629
867 2691 1634
867 2691 1639
867 2691 1644
867 2702 1650
867 2702 1655
867 2691 1660
867 2702 1665
867 2691 1670
867 2691 1676
867 2702 1681
867 2691 1686
867 2691 1691
856 2691 1697
867 2691 1702
867 2702 1707
867 2702 1712
867 2691 1717
867 2702 1723
867 2691 1728
867 2691 1733
867 2691 1738
867 2691 1743
867 2702 1749
867 2702 1754
867 2691 1759
867 2702 1764
867 2691 1769
867 2702 1775
867 2691 1780
867 2691 1785
867 2691 1790
867 2691 1796
867 2691 1801
867 2702 1806
867 2691 1811
867 2691 1816
867 2691 1822
867 2691 1827
867 2702 1832
867 2691 1837
867 2702 1842
867 2691 1848
867 2691 1853
867 2702 1858
867 2691 1863
867 2702 1868
867 2691 1874
867 2691 1879
867 2691 1884
867 2691 1889
867 2702 1894
867 2702 1900
867 2702 1905
867 2691 1910
867 2691 1915
867 2691 1920
867 2691 1926
867 2691 1931
867 2691 1936
867 2691 1941
867 2702 1947
867 2691 1952
867 2691 1957
867 2691 1962
867 2691 1967
867 2691 1973
867 2702 1978
867 2702 1983
867 2702 1988
867 2691 1993
867 2691 1999
867 2691 2004
867 2691 2009
867 2691 2014
867 2691 2019
867 2702 2025
867 2702 2030
867 2691 2035
867 2702 2040
867 2691 2046
867 2691 2051
867 2702 2056
867 2598 2061
867 2587 2066
877 2577 2072
877 2577 2077
877 2577 2082
888 2587 2087
898 2608 2092
919 2639 2098
919 2650 2103
919 2660 2108
929 2660 2113
929 2660 2118
940 2650 2124
950 2629 2129
960 2608 2134
971 2598 2139
981 2598 2144
992 2608 2150
1013 2629 2155
1013 2650 2160
1013 2691 2165
1013 2733 2170
1013 2764 2176
.PEN_UP

.PEN_DOWN
1388 2816 6481
1398 2806 6486
1398 2785 6491
1398 2764 6497
1408 2743 6502
1419 2702 6507
1429 2681 6512
1440 2670 6517
1440 2670 6523
1460 2691 6528
1481 2723 6533
1492 2764 6538
1492 2806 6544
1502 2827 6549
1513 2837 6554
1513 2837 6559
1513 2827 6564
.PEN_UP

.PEN_DOWN
1440 2681 7031
1440 2681 7036
1440 2681 7041
1440 2650 7047
1440 2566 7052
1440 2535 7057
1440 2525 7062
1440 2525 7067
.PEN_UP

.PEN_DOWN
1617 2702 7305
1638 2702 7310
1648 2691 7315
1658 2681 7321
1658 2650 7326
1658 2608 7331
1658 2566 7336
1648 2545 7341
1627 2545 7347
1606 2566 7352
1585 2587 7357
1585 2608 7362
1585 2639 7368
1596 2670 7373
1617 2681 7378
.PEN_UP

.PEN_DOWN
1731 2660 7690
1731 2639 7695
1742 2618 7700
1742 2598 7706
1742 2587 7711
1742 2598 7716
1742 2608 7721
1742 2639 7726
1763 2670 7732
1773 2681 7737
1794 2691 7742
.PEN_UP

.PEN_DOWN
1898 2816 8019
1898 2795 8024
1888 2764 8029
1888 2733 8035
1888 2681 8040
1877 2650 8045
1877 2577 8050
1888 2577 8055
.PEN_UP

.PEN_DOWN
1971 2743 8294
1971 2743 8299
1981 2733 8304
1971 2723 8310
1960 2712 8315
1940 2702 8320
1919 2681 8325
1898 2670 8330
1888 2660 8336
1888 2639 8341
1908 2618 8346
1940 2608 8351
1960 2598 8356
1992 2598 8362
2002 2598 8367
2002 2598 8372
.PEN_UP

.PEN_DOWN
2252 2608 9063
2273 2608 9068
2273 2598 9073
2283 2598 9079
2273 2577 9084
2263 2556 9089
2263 2525 9094
2252 2493 9099
.PEN_UP

.PEN_DOWN
2565 2795 9502
2565 2785 9507
2565 2775 9512
2565 2754 9518
2554 2723 9523
2554 2681 9528
2544 2650 9533
2544 2618 9538
2544 2598 9544
2544 2598 9549
.PEN_UP

.PEN_DOWN
2533 2785 9777
2544 2785 9782
2544 2764 9787
2565 2733 9793
2585 2691 9798
2617 2639 9803
2648 2608 9808
2669 2577 9813
2679 2577 9819
2700 2598 9824
2700 2650 9829
2700 2702 9834
2690 2775 9840
2690 2806 9845
2690 2816 9850
.PEN_UP

.PEN_DOWN
2752 2827 10161
2763 2827 10166
2773 2827 10171
2783 2806 10177
2794 2785 10182
2804 2764 10187
2815 2733 10192
2825 2723 10197
2825 2712 10203
2835 2723 10208
2867 2764 10213
2888 2795 10218
2908 2827 10224
2919 2848 10229
2940 2868 10234
2940 2868 10239
.PEN_UP

.PEN_DOWN
2846 2733 10491
2846 2723 10496
2835 2702 10501
2835 2670 10507
2835 2629 10512
2846 2587 10517
.PEN_UP

.COMMENT End of File
