.VERSION 1.0
.COMMENT File s143n04

.COMMENT See "A Comparison of Approaches to On-line
              Handwritten Character Recognition"
             (Rob Kassel, MIT PhD Thesis, 1995)
             for complete specifications and
             benchmarks on this data.

.DATA_SOURCE MIT_LCS_SLS
.DATA_ID MIT_Natural_Handprint_95

.DATA_CONTACT
 Name: Rob Kassel
 Email: rob@goldilocks.lcs.mit.edu
 Phone: 1-617-253-3049
 Fax: 1-617-258-8642
 Address: Spoken Language Systems Group
          Laboratory for Computer Science
          Massachusetts Institute of Technology
          Room NE43-601
          Cambridge, MA  02139, USA

.SETUP
 Site: MIT
 Writer motivation: Paid
 Writer physical position: Seated at desk
 Instructions given to the writer: Minimal; printing required;
  capitalize initial letter; no correcting; writing to be
  examined later.
 Prompting: Aural prompts, both string and spelled
 Recognizer feedback: no
 Form layout: large writing area, no guides, minimal left/right bias

.DATA_INFO
 Alphabet: English alphanumerics plus symbols to indicate
           connections, ligatures, embellishments, and pen skips
.PAD
 Machine name: Wacom 648A
 Brand: Wacom
 Type: 648A
 Serial Nr.: 160039
 Sensor: Electromagnetic, wireless pen
 Pen: Untethered, tip switch only
 Driver: Mircosoft Windows for Pen Computing V1.0
 Sampling mode: Using Microsoft Visual Basic 2.0 controls
 Sampling rate: 193 Hz
 Resolution: 0.001 inches/unit
 Accuracy: 0.01 inches
 Display: Backlit LCD screen, 640x480
 Inking: 1 pixel wide black on white
.X_DIM 4975
.Y_DIM 3058
.X_POINTS_PER_INCH 100
.Y_POINTS_PER_INCH 100

.ALPHABET "A" "B" "C" "D" "E" "F" "G"
          "H" "I" "J" "K" "L" "M" "N"
          "O" "P" "Q" "R" "S" "T" "U"
          "V" "W" "X" "Y" "Z"
          "a" "b" "c" "d" "e" "f" "g"
          "h" "i" "j" "k" "l" "m" "n"
          "o" "p" "q" "r" "s" "t" "u"
          "v" "w" "x" "y" "z"
          "0" "1" "2" "3" "4"
          "5" "6" "7" "8" "9"
          "!" "&" "*" "+" 

.WRITER_ID 143
.STYLE PRINTED
.HAND R
.AGE 40
.SEX F
.WRITER_INFO
 Group: Rejected
 Weight: 128
 Student: No
 Where educated: NY
 Home language: English
 Name: Patricia

.COORD X Y T
.HIERARCHY WORD LETTER
.SEGMENT WORD 0-5 ? "29697"
.SEGMENT LETTER 0 ? "2"
.SEGMENT LETTER 1 ? "9"
.SEGMENT LETTER 2 ? "6"
.SEGMENT LETTER 3 ? "9"
.SEGMENT LETTER 4-5 ? "7"

.COMMENT Prompt string: "29697"
.COMMENT Recognizer string: "29697?"
.COMMENT Transcriber Comment: ""

.PEN_DOWN
1788 1250 0
1788 1250 5
1788 1250 10
1788 1250 16
1788 1260 21
1798 1260 26
1798 1260 31
1808 1270 36
1808 1270 42
1808 1270 47
1819 1270 52
1819 1270 57
1829 1281 62
1850 1281 68
1850 1281 73
1860 1270 78
1860 1270 83
1860 1270 89
1860 1260 94
1860 1208 99
1860 1198 104
1860 1187 109
1850 1177 115
1850 1166 120
1840 1145 125
1840 1135 130
1829 1125 135
1819 1114 141
1808 1104 146
1798 1093 151
1788 1083 156
1788 1083 161
1777 1073 167
1767 1073 172
1767 1062 177
1735 1062 182
1725 1073 188
1725 1073 193
1725 1104 198
1735 1114 203
1735 1114 208
1746 1135 214
1746 1135 219
1756 1156 224
1767 1156 229
1777 1166 234
1777 1166 240
1788 1166 245
1788 1166 250
1798 1166 255
1798 1177 260
1819 1177 266
1829 1166 271
1829 1166 276
1840 1166 281
1840 1156 286
1840 1156 292
1850 1145 297
1850 1135 302
1850 1135 307
1850 1125 312
1850 1114 318
1850 1104 323
1860 1104 328
1860 1093 333
1860 1083 339
1860 1083 344
1871 1083 349
1881 1083 354
.PEN_UP

.PEN_DOWN
2027 1218 604
2027 1229 609
2027 1229 614
2027 1229 620
2038 1239 625
2038 1239 630
2038 1239 635
2038 1239 640
2048 1250 646
2048 1250 651
2048 1250 656
2048 1260 661
2048 1270 666
2048 1291 672
2048 1291 677
2048 1302 682
2038 1312 687
2038 1312 693
2027 1312 698
2017 1312 703
1996 1312 708
1985 1312 713
1985 1302 719
1985 1302 724
1975 1291 729
1965 1281 734
1965 1281 739
1954 1281 745
1954 1270 750
1944 1260 755
1933 1250 760
1933 1250 765
1933 1239 771
1933 1208 776
1944 1208 781
1944 1208 786
1944 1198 792
1954 1198 797
1975 1198 802
1975 1198 807
1975 1208 812
1985 1208 818
1996 1208 823
1996 1218 828
2006 1218 833
2017 1229 838
2017 1229 844
2027 1239 849
2027 1250 854
2027 1250 859
2027 1250 864
2027 1260 870
2027 1250 875
2027 1250 880
2027 1239 885
2027 1239 890
2027 1239 896
2027 1229 901
2027 1229 906
2027 1187 911
2017 1177 916
2017 1166 922
2017 1156 927
2017 1145 932
2017 1135 937
2006 1135 943
2006 1125 948
2006 1093 953
2006 1093 958
2017 1093 963
2017 1093 969
.PEN_UP

.PEN_DOWN
2173 1270 1263
2173 1270 1268
2173 1270 1273
2173 1270 1279
2163 1270 1284
2163 1260 1289
2152 1250 1294
2152 1239 1299
2152 1229 1305
2142 1229 1310
2142 1218 1315
2131 1208 1320
2131 1198 1326
2121 1187 1331
2121 1187 1336
2121 1177 1341
2121 1166 1346
2110 1166 1352
2110 1145 1357
2110 1125 1362
2121 1125 1367
2121 1125 1372
2121 1114 1378
2131 1114 1383
2142 1114 1388
2163 1114 1393
2173 1125 1398
2183 1125 1404
2183 1125 1409
2194 1125 1414
2194 1135 1419
2204 1135 1424
2204 1145 1430
2204 1156 1435
2225 1166 1440
2225 1166 1445
2225 1198 1450
2225 1208 1456
2215 1208 1461
2215 1218 1466
2215 1218 1471
2204 1218 1477
2194 1218 1482
2194 1208 1487
2194 1208 1492
2183 1208 1497
2173 1198 1503
2173 1198 1508
2173 1187 1513
2163 1187 1518
2163 1187 1523
2152 1177 1529
2152 1166 1534
2152 1156 1539
2142 1145 1544
2142 1135 1549
2152 1125 1555
2152 1125 1560
2152 1114 1565
2163 1114 1570
2173 1104 1576
.PEN_UP

.PEN_DOWN
2371 1250 1813
2371 1281 1818
2371 1281 1823
2371 1291 1829
2360 1291 1834
2360 1302 1839
2360 1302 1844
2360 1312 1849
2360 1312 1855
2340 1312 1860
2340 1312 1865
2319 1312 1870
2308 1312 1876
2308 1312 1881
2298 1312 1886
2288 1302 1891
2288 1302 1896
2288 1302 1902
2277 1302 1907
2277 1291 1912
2277 1281 1917
2267 1281 1922
2267 1270 1928
2256 1270 1933
2256 1229 1938
2267 1218 1943
2267 1218 1948
2267 1208 1954
2277 1208 1959
2277 1208 1964
2298 1208 1969
2308 1208 1974
2308 1218 1980
2319 1218 1985
2329 1229 1990
2329 1229 1995
2329 1229 2000
2340 1239 2006
2340 1250 2011
2340 1250 2016
2350 1260 2021
2350 1270 2027
2350 1270 2032
2350 1270 2037
2350 1270 2042
2350 1270 2047
2350 1270 2053
2350 1260 2058
2340 1250 2063
2340 1250 2068
2340 1239 2073
2340 1229 2079
2340 1229 2084
2329 1218 2089
2329 1208 2094
2329 1198 2099
2329 1187 2105
2329 1187 2110
2329 1156 2115
2319 1145 2120
2319 1135 2126
2319 1125 2131
2308 1114 2136
2308 1104 2141
2308 1093 2146
2308 1083 2152
2308 1073 2157
2308 1073 2162
2308 1073 2167
2308 1062 2172
2308 1073 2178
.PEN_UP

.PEN_DOWN
2444 1291 2417
2444 1291 2422
2444 1291 2427
2444 1291 2433
2454 1281 2438
2454 1281 2443
2454 1270 2448
2465 1270 2453
2475 1270 2459
2496 1270 2464
2506 1270 2469
2506 1270 2474
2517 1270 2480
2517 1281 2485
2538 1281 2490
2538 1281 2495
2538 1291 2500
2538 1291 2506
2548 1291 2511
2548 1291 2516
2538 1291 2521
2538 1281 2526
2538 1281 2532
2538 1270 2537
2538 1270 2542
2538 1260 2547
2527 1250 2552
2527 1239 2558
2527 1239 2563
2527 1218 2568
2517 1208 2573
2517 1198 2578
2506 1187 2584
2506 1177 2589
2506 1166 2594
2506 1156 2599
2506 1145 2604
2496 1145 2610
2496 1135 2615
2496 1125 2620
2485 1114 2625
2485 1104 2631
2485 1104 2636
2475 1104 2641
2475 1093 2646
.PEN_UP

.PEN_DOWN
2433 1177 2911
2433 1187 2916
2433 1187 2921
2433 1187 2927
2433 1187 2932
2444 1198 2937
2444 1198 2942
2444 1198 2947
2454 1198 2953
2465 1208 2958
2485 1208 2963
2485 1208 2968
2485 1208 2974
2517 1208 2979
2527 1208 2984
.PEN_UP

.COMMENT End of File
