.VERSION 1.0
.COMMENT File s143w37

.COMMENT See "A Comparison of Approaches to On-line
              Handwritten Character Recognition"
             (Rob Kassel, MIT PhD Thesis, 1995)
             for complete specifications and
             benchmarks on this data.

.DATA_SOURCE MIT_LCS_SLS
.DATA_ID MIT_Natural_Handprint_95

.DATA_CONTACT
 Name: Rob Kassel
 Email: rob@goldilocks.lcs.mit.edu
 Phone: 1-617-253-3049
 Fax: 1-617-258-8642
 Address: Spoken Language Systems Group
          Laboratory for Computer Science
          Massachusetts Institute of Technology
          Room NE43-601
          Cambridge, MA  02139, USA

.SETUP
 Site: MIT
 Writer motivation: Paid
 Writer physical position: Seated at desk
 Instructions given to the writer: Minimal; printing required;
  capitalize initial letter; no correcting; writing to be
  examined later.
 Prompting: Aural prompts, both string and spelled
 Recognizer feedback: no
 Form layout: large writing area, no guides, minimal left/right bias

.DATA_INFO
 Alphabet: English alphanumerics plus symbols to indicate
           connections, ligatures, embellishments, and pen skips
.PAD
 Machine name: Wacom 648A
 Brand: Wacom
 Type: 648A
 Serial Nr.: 160039
 Sensor: Electromagnetic, wireless pen
 Pen: Untethered, tip switch only
 Driver: Mircosoft Windows for Pen Computing V1.0
 Sampling mode: Using Microsoft Visual Basic 2.0 controls
 Sampling rate: 193 Hz
 Resolution: 0.001 inches/unit
 Accuracy: 0.01 inches
 Display: Backlit LCD screen, 640x480
 Inking: 1 pixel wide black on white
.X_DIM 4975
.Y_DIM 3058
.X_POINTS_PER_INCH 100
.Y_POINTS_PER_INCH 100

.ALPHABET "A" "B" "C" "D" "E" "F" "G"
          "H" "I" "J" "K" "L" "M" "N"
          "O" "P" "Q" "R" "S" "T" "U"
          "V" "W" "X" "Y" "Z"
          "a" "b" "c" "d" "e" "f" "g"
          "h" "i" "j" "k" "l" "m" "n"
          "o" "p" "q" "r" "s" "t" "u"
          "v" "w" "x" "y" "z"
          "0" "1" "2" "3" "4"
          "5" "6" "7" "8" "9"
          "!" "&" "*" "+" 

.WRITER_ID 143
.STYLE PRINTED
.HAND R
.AGE 40
.SEX F
.WRITER_INFO
 Group: Rejected
 Weight: 128
 Student: No
 Where educated: NY
 Home language: English
 Name: Patricia

.COORD X Y T
.HIERARCHY WORD LETTER
.SEGMENT WORD 0-3 ? "Swab"
.SEGMENT LETTER 0 ? "S"
.SEGMENT LETTER 1 ? "w"
.SEGMENT LETTER 2 ? "a"
.SEGMENT LETTER 3 ? "b"

.COMMENT Prompt string: "Swab"
.COMMENT Recognizer string: "Swab"
.COMMENT Transcriber Comment: ""

.PEN_DOWN
1454 1687 0
1454 1708 5
1454 1718 10
1444 1718 16
1444 1718 21
1444 1729 26
1433 1729 31
1433 1729 36
1423 1729 42
1413 1739 47
1413 1739 52
1381 1739 57
1371 1739 62
1371 1739 68
1360 1729 73
1350 1729 78
1340 1729 83
1329 1718 89
1329 1718 94
1319 1708 99
1308 1708 104
1308 1698 109
1288 1687 115
1288 1687 120
1288 1677 125
1277 1677 130
1277 1666 135
1277 1656 141
1277 1656 146
1288 1656 151
1288 1645 156
1298 1635 161
1308 1635 167
1308 1635 172
1319 1625 177
1329 1625 182
1340 1625 188
1360 1625 193
1371 1614 198
1371 1614 203
1392 1614 208
1402 1604 214
1413 1604 219
1433 1604 224
1454 1604 229
1475 1593 234
1475 1593 240
1485 1593 245
1496 1593 250
1506 1583 255
1517 1583 260
1517 1573 266
1527 1573 271
1527 1573 276
1538 1562 281
1548 1552 286
1548 1552 292
1548 1541 297
1558 1541 302
1558 1541 307
1558 1531 312
1569 1520 318
1569 1510 323
1569 1510 328
1569 1468 333
1569 1458 339
1569 1448 344
1558 1448 349
1558 1437 354
1558 1437 359
1548 1427 365
1538 1416 370
1527 1406 375
1517 1406 380
1506 1406 385
1496 1395 391
1475 1395 396
1465 1385 401
1454 1385 406
1392 1385 411
1371 1385 417
1350 1395 422
1329 1406 427
1319 1406 432
1298 1416 438
1288 1427 443
1267 1427 448
1256 1437 453
1246 1448 458
1246 1458 464
.PEN_UP

.PEN_DOWN
1610 1500 934
1610 1510 939
1600 1510 944
1600 1479 950
1610 1479 955
1610 1448 960
1610 1437 965
1610 1437 970
1610 1416 976
1621 1416 981
1621 1406 986
1631 1406 991
1631 1395 996
1642 1395 1002
1652 1406 1007
1652 1416 1012
1673 1416 1017
1673 1416 1023
1683 1427 1028
1694 1427 1033
1694 1437 1038
1704 1448 1043
1704 1448 1049
1704 1458 1054
1704 1468 1059
1704 1479 1064
1715 1479 1069
1715 1489 1075
1715 1489 1080
1715 1489 1085
1715 1489 1090
1715 1479 1095
1715 1468 1101
1715 1468 1106
1715 1458 1111
1715 1458 1116
1715 1448 1122
1725 1448 1127
1725 1437 1132
1735 1437 1137
1746 1427 1142
1746 1427 1148
1756 1416 1153
1756 1416 1158
1767 1416 1163
1777 1416 1168
1777 1416 1174
1788 1416 1179
1798 1416 1184
1798 1427 1189
1808 1427 1194
1808 1437 1200
1808 1479 1205
1798 1500 1210
1788 1510 1215
1777 1531 1220
1767 1531 1226
1767 1531 1231
.PEN_UP

.PEN_DOWN
1954 1406 1648
1954 1416 1653
1965 1427 1658
1965 1427 1664
1965 1437 1669
1965 1437 1674
1975 1448 1679
1975 1448 1684
1975 1479 1690
1965 1489 1695
1965 1500 1700
1954 1500 1705
1954 1510 1710
1944 1510 1716
1923 1510 1721
1913 1510 1726
1902 1510 1731
1892 1500 1737
1881 1500 1742
1860 1479 1747
1850 1479 1752
1850 1468 1757
1850 1468 1763
1850 1437 1768
1850 1437 1773
1860 1427 1778
1860 1427 1783
1871 1427 1789
1871 1416 1794
1881 1406 1799
1892 1406 1804
1892 1406 1809
1913 1406 1815
1923 1406 1820
1933 1416 1825
1944 1416 1830
1944 1427 1836
1944 1427 1841
1944 1427 1846
1954 1437 1851
1954 1448 1856
1954 1448 1862
1954 1458 1867
1954 1458 1872
1965 1468 1877
1954 1468 1882
1954 1448 1888
1965 1437 1893
1965 1437 1898
1965 1427 1903
1965 1427 1908
1965 1427 1914
1975 1416 1919
1985 1416 1924
2006 1416 1929
.PEN_UP

.PEN_DOWN
2069 1583 2197
2058 1593 2202
2058 1593 2207
2058 1583 2213
2058 1573 2218
2058 1531 2223
2069 1520 2228
2069 1510 2233
2069 1500 2239
2079 1489 2244
2079 1479 2249
2090 1458 2254
2090 1448 2260
2090 1448 2265
2090 1437 2270
2090 1437 2275
2090 1416 2280
2090 1427 2286
2090 1427 2291
2090 1437 2296
2090 1437 2301
2090 1437 2306
2090 1448 2312
2090 1448 2317
2090 1468 2322
2090 1479 2327
2090 1489 2332
2090 1500 2338
2100 1510 2343
2100 1520 2348
2100 1520 2353
2100 1531 2358
2100 1531 2364
2110 1541 2369
2110 1541 2374
2121 1552 2379
2121 1552 2384
2142 1552 2390
2152 1552 2395
2152 1541 2400
2163 1541 2405
2173 1531 2411
2173 1520 2416
2183 1510 2421
2183 1510 2426
2194 1489 2431
2194 1489 2437
2194 1458 2442
2194 1448 2447
2194 1448 2452
2194 1448 2457
2194 1437 2463
2183 1437 2468
2183 1427 2473
2173 1416 2478
2173 1416 2483
2163 1416 2489
2152 1416 2494
2121 1416 2499
2121 1416 2504
2110 1416 2510
2100 1416 2515
2100 1427 2520
2090 1427 2525
.PEN_UP

.COMMENT End of File
