.VERSION 1.0
.COMMENT File s143i03

.COMMENT See "A Comparison of Approaches to On-line
              Handwritten Character Recognition"
             (Rob Kassel, MIT PhD Thesis, 1995)
             for complete specifications and
             benchmarks on this data.

.DATA_SOURCE MIT_LCS_SLS
.DATA_ID MIT_Natural_Handprint_95

.DATA_CONTACT
 Name: Rob Kassel
 Email: rob@goldilocks.lcs.mit.edu
 Phone: 1-617-253-3049
 Fax: 1-617-258-8642
 Address: Spoken Language Systems Group
          Laboratory for Computer Science
          Massachusetts Institute of Technology
          Room NE43-601
          Cambridge, MA  02139, USA

.SETUP
 Site: MIT
 Writer motivation: Paid
 Writer physical position: Seated at desk
 Instructions given to the writer: Minimal; printing required;
  capitalize initial letter; no correcting; writing to be
  examined later.
 Prompting: Aural prompts, both string and spelled
 Recognizer feedback: no
 Form layout: large writing area, no guides, minimal left/right bias

.DATA_INFO
 Alphabet: English alphanumerics plus symbols to indicate
           connections, ligatures, embellishments, and pen skips
.PAD
 Machine name: Wacom 648A
 Brand: Wacom
 Type: 648A
 Serial Nr.: 160039
 Sensor: Electromagnetic, wireless pen
 Pen: Untethered, tip switch only
 Driver: Mircosoft Windows for Pen Computing V1.0
 Sampling mode: Using Microsoft Visual Basic 2.0 controls
 Sampling rate: 193 Hz
 Resolution: 0.001 inches/unit
 Accuracy: 0.01 inches
 Display: Backlit LCD screen, 640x480
 Inking: 1 pixel wide black on white
.X_DIM 4975
.Y_DIM 3058
.X_POINTS_PER_INCH 100
.Y_POINTS_PER_INCH 100

.ALPHABET "A" "B" "C" "D" "E" "F" "G"
          "H" "I" "J" "K" "L" "M" "N"
          "O" "P" "Q" "R" "S" "T" "U"
          "V" "W" "X" "Y" "Z"
          "a" "b" "c" "d" "e" "f" "g"
          "h" "i" "j" "k" "l" "m" "n"
          "o" "p" "q" "r" "s" "t" "u"
          "v" "w" "x" "y" "z"
          "0" "1" "2" "3" "4"
          "5" "6" "7" "8" "9"
          "!" "&" "*" "+" 

.WRITER_ID 143
.STYLE PRINTED
.HAND R
.AGE 40
.SEX F
.WRITER_INFO
 Group: Rejected
 Weight: 128
 Student: No
 Where educated: NY
 Home language: English
 Name: Patricia

.COORD X Y T
.HIERARCHY WORD
.SEGMENT WORD 0-5 ? "UNTRANSCRIBED!!!"

.COMMENT Prompt string: ""
.COMMENT Recognizer string: "r'ght"
.COMMENT Transcriber Comment: "Unchecked and unaligned transcription."

.PEN_DOWN
1315 2691 0
1315 2691 5
1315 2702 10
1315 2702 16
1315 2691 21
1315 2691 26
1315 2681 31
1315 2681 36
1325 2670 42
1325 2670 47
1325 2660 52
1325 2650 57
1335 2650 62
1335 2639 68
1335 2629 73
1335 2629 78
1346 2618 83
1346 2618 89
1346 2608 94
1346 2608 99
1346 2598 104
1346 2587 109
1346 2598 115
1346 2598 120
1346 2598 125
1346 2608 130
1346 2608 135
1346 2618 141
1346 2618 146
1335 2629 151
1335 2650 156
1346 2660 161
1346 2670 167
1356 2681 172
1356 2691 177
1356 2691 182
1367 2691 188
1367 2702 193
1377 2702 198
1388 2691 203
1388 2691 208
1398 2691 214
1408 2691 219
1408 2691 224
1419 2681 229
1419 2670 234
1440 2670 240
1440 2670 245
1440 2660 250
.PEN_UP

.PEN_DOWN
1460 2691 494
1460 2691 499
1460 2691 504
1460 2660 510
1460 2660 515
1460 2650 520
1460 2650 525
1471 2639 530
1471 2639 536
1471 2629 541
1471 2618 546
1481 2618 551
1481 2608 556
.PEN_UP

.PEN_DOWN
1596 2650 714
1596 2650 719
1596 2660 724
1596 2681 730
1606 2681 735
1606 2691 740
1606 2702 745
1606 2702 750
1596 2702 756
1596 2702 761
1596 2712 766
1575 2712 771
1575 2702 776
1565 2702 782
1554 2702 787
1554 2691 792
1554 2691 797
1533 2681 803
1533 2670 808
1533 2670 813
1523 2660 818
1523 2639 823
1533 2639 829
1533 2639 834
1544 2639 839
1544 2639 844
1554 2639 849
1554 2650 855
1565 2660 860
1575 2670 865
1575 2681 870
1575 2681 875
1575 2681 881
1585 2691 886
1585 2670 891
1585 2660 896
1585 2660 902
1585 2650 907
1596 2639 912
1596 2639 917
1606 2629 922
1606 2618 928
1606 2608 933
1617 2598 938
1617 2598 943
1627 2577 948
1627 2566 954
1627 2556 959
1638 2545 964
1638 2535 969
1638 2525 974
1648 2514 980
1648 2514 985
1648 2483 990
1638 2483 995
1638 2473 1000
1638 2473 1006
1627 2462 1011
1627 2462 1016
1606 2462 1021
1596 2462 1026
1585 2462 1032
1575 2462 1037
1575 2473 1042
1554 2483 1047
1544 2504 1053
1544 2514 1058
1533 2514 1063
1533 2545 1068
1544 2556 1073
1544 2556 1079
1554 2566 1084
1554 2577 1089
1565 2587 1094
1575 2598 1099
1575 2598 1105
1585 2608 1110
.PEN_UP

.PEN_DOWN
1658 2743 1428
1658 2743 1433
1658 2743 1438
1658 2733 1444
1658 2733 1449
1658 2733 1454
1658 2723 1459
1669 2723 1464
1669 2712 1470
1669 2702 1475
1679 2691 1480
1679 2670 1485
1679 2660 1490
1679 2639 1496
1690 2629 1501
1690 2629 1506
1690 2608 1511
1690 2598 1517
1690 2598 1522
1690 2587 1527
1700 2587 1532
1700 2577 1537
1690 2577 1543
1690 2639 1548
1700 2650 1553
1700 2660 1558
1700 2660 1563
1700 2660 1569
1700 2681 1574
1700 2681 1579
1710 2681 1584
1710 2681 1589
1710 2681 1595
1710 2681 1600
1721 2681 1605
1721 2681 1610
1721 2681 1616
1721 2670 1621
1731 2670 1626
1742 2670 1631
1742 2660 1636
1752 2639 1642
1763 2629 1647
1763 2618 1652
1763 2618 1657
1773 2608 1662
1773 2608 1668
1773 2598 1673
1773 2598 1678
1773 2598 1683
1783 2598 1688
1783 2587 1694
.PEN_UP

.PEN_DOWN
1825 2743 1922
1825 2743 1927
1825 2743 1932
1825 2723 1938
1825 2723 1943
1825 2712 1948
1825 2712 1953
1825 2691 1958
1825 2691 1964
1825 2681 1969
1835 2681 1974
1835 2670 1979
1846 2660 1984
1846 2650 1990
1846 2639 1995
1846 2639 2000
1846 2629 2005
1856 2629 2011
1856 2618 2016
1867 2618 2021
1867 2618 2026
1877 2608 2031
1877 2608 2037
1888 2608 2042
1888 2608 2047
1888 2608 2052
1888 2618 2057
1898 2618 2063
1898 2618 2068
1898 2618 2073
.PEN_UP

.PEN_DOWN
1763 2702 2307
1763 2702 2312
1763 2702 2317
1773 2702 2323
1773 2702 2328
1783 2712 2333
1783 2712 2338
1794 2712 2343
1804 2712 2349
1804 2712 2354
1815 2712 2359
1815 2723 2364
1825 2723 2370
1835 2723 2375
1867 2723 2380
1867 2723 2385
1888 2723 2390
1888 2723 2396
.PEN_UP

.COMMENT End of File
