.VERSION 1.0
.COMMENT File s143w53

.COMMENT See "A Comparison of Approaches to On-line
              Handwritten Character Recognition"
             (Rob Kassel, MIT PhD Thesis, 1995)
             for complete specifications and
             benchmarks on this data.

.DATA_SOURCE MIT_LCS_SLS
.DATA_ID MIT_Natural_Handprint_95

.DATA_CONTACT
 Name: Rob Kassel
 Email: rob@goldilocks.lcs.mit.edu
 Phone: 1-617-253-3049
 Fax: 1-617-258-8642
 Address: Spoken Language Systems Group
          Laboratory for Computer Science
          Massachusetts Institute of Technology
          Room NE43-601
          Cambridge, MA  02139, USA

.SETUP
 Site: MIT
 Writer motivation: Paid
 Writer physical position: Seated at desk
 Instructions given to the writer: Minimal; printing required;
  capitalize initial letter; no correcting; writing to be
  examined later.
 Prompting: Aural prompts, both string and spelled
 Recognizer feedback: no
 Form layout: large writing area, no guides, minimal left/right bias

.DATA_INFO
 Alphabet: English alphanumerics plus symbols to indicate
           connections, ligatures, embellishments, and pen skips
.PAD
 Machine name: Wacom 648A
 Brand: Wacom
 Type: 648A
 Serial Nr.: 160039
 Sensor: Electromagnetic, wireless pen
 Pen: Untethered, tip switch only
 Driver: Mircosoft Windows for Pen Computing V1.0
 Sampling mode: Using Microsoft Visual Basic 2.0 controls
 Sampling rate: 193 Hz
 Resolution: 0.001 inches/unit
 Accuracy: 0.01 inches
 Display: Backlit LCD screen, 640x480
 Inking: 1 pixel wide black on white
.X_DIM 4975
.Y_DIM 3058
.X_POINTS_PER_INCH 100
.Y_POINTS_PER_INCH 100

.ALPHABET "A" "B" "C" "D" "E" "F" "G"
          "H" "I" "J" "K" "L" "M" "N"
          "O" "P" "Q" "R" "S" "T" "U"
          "V" "W" "X" "Y" "Z"
          "a" "b" "c" "d" "e" "f" "g"
          "h" "i" "j" "k" "l" "m" "n"
          "o" "p" "q" "r" "s" "t" "u"
          "v" "w" "x" "y" "z"
          "0" "1" "2" "3" "4"
          "5" "6" "7" "8" "9"
          "!" "&" "*" "+" 

.WRITER_ID 143
.STYLE PRINTED
.HAND R
.AGE 40
.SEX F
.WRITER_INFO
 Group: Rejected
 Weight: 128
 Student: No
 Where educated: NY
 Home language: English
 Name: Patricia

.COORD X Y T
.HIERARCHY WORD LETTER
.SEGMENT WORD 0-4 ? "Mate"
.SEGMENT LETTER 0 ? "M"
.SEGMENT LETTER 1 ? "a"
.SEGMENT LETTER 2-3 ? "t"
.SEGMENT LETTER 4 ? "e"

.COMMENT Prompt string: "Mate"
.COMMENT Recognizer string: "Mate"
.COMMENT Transcriber Comment: ""

.PEN_DOWN
1142 1833 0
1131 1833 5
1131 1843 10
1131 1833 16
1131 1833 21
1131 1823 26
1131 1812 31
1131 1802 36
1142 1802 42
1142 1781 47
1152 1770 52
1152 1760 57
1152 1739 62
1152 1718 68
1152 1708 73
1163 1698 78
1163 1677 83
1163 1666 89
1173 1656 94
1173 1635 99
1173 1625 104
1173 1614 109
1173 1604 115
1173 1583 120
1183 1573 125
1183 1562 130
1183 1531 135
1183 1531 141
1183 1531 146
1173 1531 151
1173 1541 156
1173 1562 161
1173 1573 167
1173 1583 172
1163 1593 177
1163 1604 182
1163 1614 188
1163 1625 193
1163 1729 198
1163 1739 203
1163 1750 208
1163 1760 214
1173 1770 219
1173 1781 224
1173 1781 229
1173 1791 234
1194 1791 240
1194 1791 245
1204 1791 250
1215 1791 255
1215 1791 260
1225 1781 266
1235 1781 271
1246 1770 276
1256 1760 281
1256 1750 286
1267 1739 292
1277 1729 297
1288 1708 302
1288 1698 307
1298 1687 312
1298 1677 318
1298 1666 323
1308 1656 328
1308 1645 333
1308 1635 339
1308 1593 344
1308 1593 349
1308 1604 354
1308 1604 359
1308 1614 365
1298 1614 370
1298 1625 375
1298 1635 380
1298 1698 385
1298 1708 391
1298 1708 396
1308 1718 401
1308 1729 406
1308 1739 411
1319 1739 417
1319 1750 422
1319 1750 427
1329 1750 432
1329 1760 438
1340 1770 443
1350 1770 448
1350 1781 453
1350 1781 458
1360 1781 464
1381 1781 469
1381 1781 474
1392 1770 479
1402 1770 484
1402 1760 490
1413 1739 495
1423 1729 500
1423 1718 505
1433 1718 510
1444 1708 516
1444 1698 521
1444 1677 526
1454 1677 531
1454 1666 536
1454 1656 542
1465 1635 547
1465 1614 552
1465 1531 557
1465 1520 562
1475 1510 568
1475 1500 573
1475 1489 578
1475 1489 583
.PEN_UP

.PEN_DOWN
1590 1625 988
1590 1625 993
1590 1635 998
1590 1645 1004
1600 1645 1009
1600 1645 1014
1610 1645 1019
1621 1635 1024
1621 1635 1030
1621 1635 1035
1631 1625 1040
1631 1614 1045
1642 1604 1050
1652 1593 1056
1652 1583 1061
1663 1583 1066
1663 1573 1071
1673 1562 1077
1673 1552 1082
1673 1552 1087
1683 1541 1092
1683 1531 1097
1683 1520 1103
1683 1520 1108
1683 1520 1113
1683 1520 1118
1683 1520 1123
1683 1531 1129
1683 1531 1134
1673 1541 1139
1663 1541 1144
1652 1552 1149
1652 1552 1155
1642 1562 1160
1631 1562 1165
1621 1573 1170
1610 1583 1176
1610 1583 1181
1590 1583 1186
1579 1583 1191
1579 1583 1196
1558 1583 1202
1558 1583 1207
1548 1573 1212
1548 1573 1217
1548 1573 1222
1548 1562 1228
1548 1552 1233
1548 1541 1238
1548 1541 1243
1548 1531 1248
1548 1531 1254
1548 1520 1259
1548 1520 1264
1558 1510 1269
1569 1510 1274
1569 1510 1280
1579 1510 1285
1590 1500 1290
1621 1500 1295
1621 1510 1300
1642 1510 1306
1652 1510 1311
.PEN_UP

.PEN_DOWN
1798 1760 1593
1788 1760 1598
1788 1760 1603
1788 1750 1609
1788 1645 1614
1788 1635 1619
1798 1625 1624
1798 1614 1629
1798 1604 1635
1808 1593 1640
1808 1583 1645
1808 1573 1650
1819 1552 1656
1819 1552 1661
1819 1520 1666
1819 1510 1671
1819 1510 1676
.PEN_UP

.PEN_DOWN
1704 1614 1867
1704 1614 1872
1704 1625 1877
1715 1625 1883
1715 1625 1888
1746 1625 1893
1746 1625 1898
1756 1625 1903
1788 1625 1909
1808 1625 1914
1819 1625 1919
1829 1625 1924
1840 1625 1930
1860 1625 1935
1871 1625 1940
.PEN_UP

.PEN_DOWN
1913 1593 2032
1913 1593 2037
1913 1593 2042
1913 1593 2048
1923 1604 2053
1923 1604 2058
1944 1604 2063
1944 1604 2068
1954 1604 2074
1965 1604 2079
1975 1614 2084
1985 1614 2089
1985 1614 2094
1996 1625 2100
1996 1625 2105
2006 1625 2110
2017 1625 2115
2017 1635 2121
2017 1635 2126
2017 1645 2131
2017 1645 2136
2006 1656 2141
1985 1656 2147
1985 1645 2152
1975 1645 2157
1965 1645 2162
1965 1635 2167
1954 1635 2173
1944 1635 2178
1944 1635 2183
1933 1625 2188
1923 1625 2193
1923 1614 2199
1923 1614 2204
1913 1604 2209
1913 1604 2214
1913 1593 2220
1902 1593 2225
1902 1583 2230
1902 1573 2235
1913 1562 2240
1913 1552 2246
1913 1552 2251
1923 1541 2256
1923 1541 2261
1933 1531 2266
1944 1531 2272
1944 1520 2277
1954 1510 2282
1975 1500 2287
2006 1489 2292
2017 1489 2298
2048 1489 2303
2069 1500 2308
2090 1500 2313
.PEN_UP

.COMMENT End of File
