.VERSION 1.0
.COMMENT File s143i01

.COMMENT See "A Comparison of Approaches to On-line
              Handwritten Character Recognition"
             (Rob Kassel, MIT PhD Thesis, 1995)
             for complete specifications and
             benchmarks on this data.

.DATA_SOURCE MIT_LCS_SLS
.DATA_ID MIT_Natural_Handprint_95

.DATA_CONTACT
 Name: Rob Kassel
 Email: rob@goldilocks.lcs.mit.edu
 Phone: 1-617-253-3049
 Fax: 1-617-258-8642
 Address: Spoken Language Systems Group
          Laboratory for Computer Science
          Massachusetts Institute of Technology
          Room NE43-601
          Cambridge, MA  02139, USA

.SETUP
 Site: MIT
 Writer motivation: Paid
 Writer physical position: Seated at desk
 Instructions given to the writer: Minimal; printing required;
  capitalize initial letter; no correcting; writing to be
  examined later.
 Prompting: Aural prompts, both string and spelled
 Recognizer feedback: no
 Form layout: large writing area, no guides, minimal left/right bias

.DATA_INFO
 Alphabet: English alphanumerics plus symbols to indicate
           connections, ligatures, embellishments, and pen skips
.PAD
 Machine name: Wacom 648A
 Brand: Wacom
 Type: 648A
 Serial Nr.: 160039
 Sensor: Electromagnetic, wireless pen
 Pen: Untethered, tip switch only
 Driver: Mircosoft Windows for Pen Computing V1.0
 Sampling mode: Using Microsoft Visual Basic 2.0 controls
 Sampling rate: 193 Hz
 Resolution: 0.001 inches/unit
 Accuracy: 0.01 inches
 Display: Backlit LCD screen, 640x480
 Inking: 1 pixel wide black on white
.X_DIM 4975
.Y_DIM 3058
.X_POINTS_PER_INCH 100
.Y_POINTS_PER_INCH 100

.ALPHABET "A" "B" "C" "D" "E" "F" "G"
          "H" "I" "J" "K" "L" "M" "N"
          "O" "P" "Q" "R" "S" "T" "U"
          "V" "W" "X" "Y" "Z"
          "a" "b" "c" "d" "e" "f" "g"
          "h" "i" "j" "k" "l" "m" "n"
          "o" "p" "q" "r" "s" "t" "u"
          "v" "w" "x" "y" "z"
          "0" "1" "2" "3" "4"
          "5" "6" "7" "8" "9"
          "!" "&" "*" "+" 

.WRITER_ID 143
.STYLE PRINTED
.HAND R
.AGE 40
.SEX F
.WRITER_INFO
 Group: Rejected
 Weight: 128
 Student: No
 Where educated: NY
 Home language: English
 Name: Patricia

.COORD X Y T
.HIERARCHY WORD
.SEGMENT WORD 0-5 ? "UNTRANSCRIBED!!!"

.COMMENT Prompt string: ""
.COMMENT Recognizer string: "P?nlAA"
.COMMENT Transcriber Comment: "Unchecked and unaligned transcription."

.PEN_DOWN
898 2712 0
898 2712 5
898 2702 10
898 2691 16
908 2681 21
908 2670 26
908 2670 31
908 2660 36
919 2650 42
919 2629 47
919 2618 52
919 2598 57
919 2598 62
919 2598 68
919 2608 73
919 2618 78
908 2629 83
898 2639 89
898 2650 94
888 2660 99
888 2670 104
877 2681 109
877 2691 115
877 2702 120
877 2712 125
877 2723 130
867 2743 135
867 2754 141
867 2764 146
867 2785 151
867 2795 156
867 2806 161
867 2816 167
877 2827 172
877 2837 177
888 2837 182
888 2837 188
888 2837 193
898 2848 198
898 2848 203
908 2848 208
929 2848 214
940 2848 219
940 2837 224
960 2827 229
960 2816 234
971 2816 240
981 2806 245
981 2806 250
992 2795 255
992 2785 260
992 2775 266
1002 2775 271
1002 2743 276
992 2733 281
992 2712 286
992 2702 292
981 2702 297
981 2691 302
981 2691 307
971 2691 312
960 2681 318
960 2681 323
950 2681 328
950 2681 333
929 2681 339
919 2670 344
.PEN_UP

.PEN_DOWN
1013 2577 604
1013 2587 609
1023 2587 614
1023 2598 620
1023 2598 625
1033 2608 630
1033 2608 635
1033 2618 640
1033 2629 646
1033 2639 651
1033 2639 656
1033 2650 661
1033 2660 666
1023 2660 672
1023 2670 677
1002 2670 682
992 2670 687
992 2660 693
981 2660 698
981 2650 703
981 2650 708
971 2639 713
971 2639 719
971 2629 724
971 2598 729
971 2598 734
971 2587 739
971 2587 745
971 2587 750
981 2577 755
1002 2577 760
1002 2587 765
1023 2598 771
1023 2598 776
1023 2608 781
1033 2608 786
1033 2618 792
1044 2618 797
1044 2629 802
1044 2639 807
1054 2650 812
1054 2660 818
1054 2629 823
1054 2618 828
1065 2618 833
1065 2608 838
1065 2608 844
1065 2598 849
1065 2598 854
1065 2598 859
1075 2598 864
1085 2587 870
1096 2587 875
1106 2598 880
1106 2598 885
1117 2608 890
1117 2608 896
1127 2618 901
1127 2618 906
1148 2639 911
1148 2650 916
1148 2660 922
1148 2670 927
1148 2681 932
1158 2691 937
1158 2723 943
1158 2723 948
1158 2733 953
1158 2712 958
1148 2702 963
1148 2681 969
1158 2670 974
1158 2650 979
1158 2639 984
1158 2639 989
1158 2629 995
1158 2618 1000
1169 2608 1005
1169 2598 1010
1169 2587 1015
1169 2577 1021
.PEN_UP

.PEN_DOWN
1096 2670 1428
1096 2670 1433
1085 2670 1438
1085 2670 1444
1096 2670 1449
1106 2670 1454
1148 2670 1459
1158 2670 1464
1169 2681 1470
1169 2681 1475
1179 2681 1480
1190 2681 1485
1190 2691 1490
1200 2691 1496
1200 2691 1501
1210 2691 1506
1210 2691 1511
1210 2691 1517
1210 2681 1522
1210 2681 1527
1210 2670 1532
1210 2670 1537
1210 2660 1543
1221 2660 1548
1221 2650 1553
1221 2650 1558
1221 2639 1563
1221 2629 1569
1231 2608 1574
1231 2608 1579
1231 2598 1584
1242 2598 1589
1242 2587 1595
1231 2587 1600
1231 2598 1605
1231 2598 1610
1231 2608 1616
1231 2618 1621
1231 2618 1626
1231 2629 1631
1231 2639 1636
1231 2650 1642
1231 2650 1647
1242 2660 1652
1242 2660 1657
1242 2660 1662
1252 2660 1668
1252 2670 1673
1252 2670 1678
1273 2670 1683
1273 2670 1688
1273 2660 1694
1283 2660 1699
1283 2650 1704
1294 2650 1709
.PEN_UP

.PEN_DOWN
1367 2702 2087
1367 2681 2092
1367 2681 2097
1367 2670 2103
1377 2660 2108
1377 2660 2113
1377 2629 2118
1377 2618 2123
1377 2598 2129
.PEN_UP

.PEN_DOWN
1492 2691 2362
1492 2691 2367
1492 2691 2372
1492 2660 2378
1481 2650 2383
1481 2670 2388
1481 2670 2393
1481 2681 2398
1481 2681 2404
1481 2681 2409
1471 2691 2414
1471 2691 2419
1471 2702 2424
1450 2702 2430
1450 2702 2435
1450 2702 2440
1450 2691 2445
1450 2691 2451
1450 2691 2456
1440 2691 2461
1440 2681 2466
1440 2681 2471
1440 2681 2477
1440 2639 2482
1440 2629 2487
1440 2629 2492
1450 2608 2497
1450 2608 2503
1450 2598 2508
1460 2598 2513
1460 2587 2518
1460 2587 2523
1471 2587 2529
1481 2587 2534
1481 2587 2539
1481 2598 2544
1492 2598 2550
1502 2598 2555
1502 2608 2560
1502 2608 2565
1502 2618 2570
1513 2618 2576
1513 2629 2581
1523 2629 2586
1533 2650 2591
1533 2650 2596
1533 2650 2602
1533 2660 2607
1533 2639 2612
1544 2629 2617
1544 2629 2622
1544 2629 2628
1544 2618 2633
1544 2618 2638
1554 2608 2643
1554 2598 2648
1554 2598 2654
1565 2598 2659
1565 2587 2664
.PEN_UP

.PEN_DOWN
1658 2608 3021
1658 2608 3026
1658 2608 3031
1658 2618 3037
1658 2618 3042
1658 2629 3047
1669 2629 3052
1669 2629 3057
1669 2639 3063
1669 2660 3068
1669 2670 3073
1669 2670 3078
1669 2681 3084
1669 2681 3089
1669 2691 3094
1669 2691 3099
1658 2691 3104
1658 2691 3110
1648 2691 3115
1638 2691 3120
1638 2681 3125
1638 2681 3130
1638 2681 3136
1638 2681 3141
1627 2670 3146
1627 2670 3151
1627 2660 3156
1627 2660 3162
1617 2650 3167
1617 2618 3172
1627 2608 3177
1627 2608 3182
1627 2608 3188
1648 2608 3193
1648 2608 3198
1658 2608 3203
1658 2618 3208
1658 2618 3214
1658 2629 3219
1669 2629 3224
1669 2639 3229
1669 2629 3235
1669 2618 3240
1669 2618 3245
1669 2608 3250
1679 2608 3255
1690 2598 3261
1700 2598 3266
1700 2587 3271
1752 2587 3276
.PEN_UP

.COMMENT End of File
